5 0.70625 0.7453125 0.0546875 0.046875
3 0.7078125 0.6765625 0.046875 0.0375
3 0.65546875 0.675 0.05 0.040625
2 0.66640625 0.75078125 0.0625 0.05625
3 0.62578125 0.68671875 0.0484375 0.040625
0 0.63203125 0.78515625 0.075 0.05625
3 0.58125 0.70234375 0.0515625 0.046875
9 0.58046875 0.78671875 0.053125 0.046875
3 0.52421875 0.6875 0.05 0.0453125
9 0.52578125 0.62734375 0.05 0.04375
1 0.553125 0.81328125 0.1046875 0.084375
4 0.4921875 0.8375 0.096875 0.0890625
3 0.48515625 0.721875 0.05 0.0484375
3 0.41171875 0.7515625 0.05 0.05625
2 0.42265625 0.6515625 0.06875 0.0640625
3 0.35234375 0.77578125 0.046875 0.065625
5 0.3640625 0.865625 0.065625 0.0734375
6 0.48984375 0.55078125 0.075 0.05
0 0.5921875 0.5390625 0.0765625 0.04375
9 0.6234375 0.453125 0.046875 0.0359375
10 0.68046875 0.378125 0.096875 0.0515625
9 0.70546875 0.30703125 0.046875 0.0375
11 0.7078125 0.23984375 0.05625 0.046875
9 0.5828125 0.371875 0.05 0.04375
7 0.54609375 0.4359375 0.103125 0.05625
11 0.5765625 0.1921875 0.0625 0.059375
9 0.47109375 0.2625 0.053125 0.053125
6 0.48984375 0.1640625 0.075 0.06875
9 0.4109375 0.2328125 0.0546875 0.05
8 0.425 0.3421875 0.0671875 0.065625
9 0.3578125 0.225 0.05625 0.0578125
8 0.4734375 0.43828125 0.0671875 0.0546875