7 0.6765625 0.5125 0.1125 0.0421875
8 0.5921875 0.53046875 0.065625 0.04375
11 0.6234375 0.70703125 0.0625 0.053125
6 0.51484375 0.53203125 0.078125 0.05
6 0.4609375 0.87734375 0.075 0.075
0 0.41640625 0.5390625 0.075 0.053125
1 0.6140625 0.4046875 0.109375 0.05625
4 0.52109375 0.39765625 0.0984375 0.065625
5 0.4171875 0.39296875 0.0625 0.05625
2 0.31171875 0.3875 0.0734375 0.0578125
10 0.6390625 0.3375 0.1 0.0640625
2 0.5890625 0.27734375 0.06875 0.0578125
9 0.54140625 0.32265625 0.0546875 0.05
3 0.16171875 0.37890625 0.053125 0.059375