0 0.50546875 0.4203125 0.0875 0.0515625
3 0.6578125 0.80625 0.03125 0.0375
3 0.7359375 0.5578125 0.025 0.028125
11 0.61875 0.7359375 0.059375 0.0453125
6 0.62734375 0.65 0.0765625 0.040625
9 0.61484375 0.57421875 0.0484375 0.034375
10 0.6390625 0.5015625 0.1 0.04375
7 0.63515625 0.41484375 0.109375 0.046875
8 0.6171875 0.3359375 0.065625 0.04375
9 0.53203125 0.22265625 0.05625 0.05
9 0.2984375 0.5078125 0.06875 0.053125
9 0.3796875 0.41640625 0.065625 0.053125
9 0.4484375 0.40546875 0.0609375 0.046875
3 0.50390625 0.81171875 0.05625 0.05
1 0.5234375 0.703125 0.121875 0.06875
2 0.50546875 0.60234375 0.078125 0.0453125
5 0.50078125 0.51953125 0.06875 0.046875
4 0.515625 0.325 0.109375 0.0734375