3 0.32890625 0.26171875 0.03984375 0.04453125
2 0.4078125 0.31484375 0.04296875 0.04921875
5 0.4921875 0.371875 0.0421875 0.04453125
0 0.409375 0.421875 0.04609375 0.04453125
2 0.48203125 0.425 0.04453125 0.04453125
9 0.5765625 0.37109375 0.03671875 0.03828125
4 0.5671875 0.41953125 0.05 0.05859375
1 0.66640625 0.48671875 0.06640625 0.05
9 0.4921875 0.48671875 0.040625 0.03828125
10 0.32421875 0.4765625 0.0640625 0.05078125
8 0.58125 0.55234375 0.05078125 0.03359375
6 0.24453125 0.590625 0.0609375 0.0328125
11 0.5 0.67421875 0.04453125 0.034375
7 0.6828125 0.6046875 0.06796875 0.03984375