8 0.66875 0.35625 0.0515625 0.0671875
11 0.67890625 0.40703125 0.04375 0.071875
0 0.63828125 0.42578125 0.05 0.096875
9 0.37890625 0.64765625 0.059375 0.0828125
9 0.49296875 0.58203125 0.0609375 0.078125
9 0.55234375 0.53359375 0.04375 0.071875
9 0.6390625 0.51015625 0.04375 0.071875
9 0.7171875 0.46796875 0.0453125 0.06875
9 0.7609375 0.4390625 0.046875 0.075
9 0.86171875 0.38515625 0.0328125 0.0625
6 0.48359375 0.4890625 0.0546875 0.10625
6 0.86875 0.44375 0.0640625 0.103125
8 0.321875 0.49296875 0.0734375 0.090625
11 0.965625 0.40234375 0.0609375 0.06875
7 0.82265625 0.4625 0.071875 0.15
1 0.58828125 0.5796875 0.075 0.175
4 0.3875 0.29375 0.04375 0.096875
0 0.18984375 0.3515625 0.0578125 0.08125
2 0.540625 0.3265625 0.0375 0.065625
5 0.0578125 0.4140625 0.0640625 0.0703125
5 0.4734375 0.2875 0.0296875 0.05
3 0.43359375 0.4125 0.0390625 0.0625
3 0.20859375 0.45234375 0.05 0.065625
3 0.175 0.415625 0.0390625 0.0578125
3 0.23671875 0.39453125 0.0421875 0.0578125
3 0.30703125 0.371875 0.0421875 0.053125
3 0.38359375 0.3515625 0.034375 0.0515625
3 0.44140625 0.3359375 0.028125 0.046875
3 0.46953125 0.315625 0.028125 0.046875
10 0.7671875 0.50859375 0.090625 0.146875
2 0.1109375 0.4765625 0.071875 0.0875