5 0.70703125 0.5859375 0.0609375 0.0734375
3 0.62109375 0.42265625 0.04296875 0.05390625
3 0.28515625 0.42734375 0.04765625 0.05546875
3 0.29765625 0.3015625 0.03515625 0.04921875
3 0.60703125 0.23203125 0.02734375 0.04296875
3 0.615625 0.259375 0.028125 0.0484375
7 0.54140625 0.49609375 0.0609375 0.11875
9 0.4296875 0.41171875 0.03828125 0.05625
9 0.6375 0.3390625 0.03515625 0.0546875
9 0.66796875 0.2421875 0.03125 0.04765625
9 0.5859375 0.2859375 0.0328125 0.05078125
6 0.4171875 0.21875 0.02890625 0.07109375
8 0.43046875 0.2703125 0.03359375 0.06015625
9 0.2765625 0.36875 0.04609375 0.053125
0 0.29921875 0.48828125 0.06015625 0.090625