9 0.57421875 0.1296875 0.034375 0.0734375
1 0.7515625 0.40390625 0.05625 0.203125
2 0.38046875 0.16796875 0.053125 0.090625
5 0.1625 0.603125 0.075 0.0953125
5 0.27421875 0.15625 0.040625 0.078125
0 0.17890625 0.43203125 0.0796875 0.1078125
0 0.5765625 0.22265625 0.04375 0.121875
3 0.42734375 0.334375 0.0453125 0.08125
3 0.3296875 0.528125 0.0578125 0.078125
3 0.2546875 0.5109375 0.05625 0.078125
3 0.26640625 0.44609375 0.05625 0.071875
3 0.28125 0.36796875 0.05 0.0734375
3 0.303125 0.2953125 0.04375 0.06875
3 0.3234375 0.23984375 0.0421875 0.071875
3 0.30625 0.19453125 0.040625 0.065625
4 0.24609375 0.22109375 0.0734375 0.1375
9 0.6765625 0.603125 0.0515625 0.0890625
9 0.6640625 0.47265625 0.04375 0.0921875
9 0.64375 0.38984375 0.0359375 0.0875
9 0.6390625 0.16796875 0.034375 0.078125
9 0.64765625 0.1125 0.03125 0.08125
9 0.6359375 0.06875 0.0265625 0.071875
9 0.4984375 0.07421875 0.025 0.03125
8 0.47265625 0.490625 0.0625 0.11875
8 0.5046875 0.1328125 0.046875 0.096875
11 0.496875 0.33515625 0.046875 0.096875
11 0.58125 0.32109375 0.040625 0.1015625
6 0.57265625 0.38515625 0.046875 0.1296875
7 0.71796875 0.165625 0.05 0.1875
10 0.50234375 0.2265625 0.059375 0.1640625
2 0.303125 0.61484375 0.084375 0.1078125