6 0.82109375 0.19453125 0.0625 0.0625
0 0.65234375 0.1859375 0.0515625 0.065625
6 0.40546875 0.17421875 0.046875 0.0671875
4 0.29140625 0.25703125 0.06875 0.075
11 0.4921875 0.25546875 0.04375 0.053125
1 0.7375 0.3109375 0.078125 0.071875
5 0.478125 0.39765625 0.04375 0.04375
9 0.30234375 0.390625 0.0484375 0.0375
3 0.2421875 0.43984375 0.05 0.034375
9 0.48671875 0.49921875 0.0390625 0.0296875
3 0.66484375 0.5015625 0.046875 0.03125
10 0.84921875 0.51171875 0.090625 0.04375
2 0.375 0.60859375 0.059375 0.034375
9 0.55625 0.646875 0.0421875 0.03125
8 0.71796875 0.640625 0.0671875 0.0359375
3 0.84140625 0.6390625 0.05625 0.03125