2 0.571875 0.3984375 0.08125 0.059375
2 0.31015625 0.4703125 0.0765625 0.0453125
8 0.30234375 0.66640625 0.06875 0.04375
8 0.45234375 0.7859375 0.075 0.0671875
11 0.43828125 0.39140625 0.0734375 0.0546875
3 0.28515625 0.61484375 0.05625 0.0328125
3 0.35625 0.71328125 0.053125 0.0453125
3 0.5015625 0.328125 0.0609375 0.05
3 0.4453125 0.1640625 0.0578125 0.0546875
10 0.31015625 0.38828125 0.109375 0.059375
7 0.30390625 0.203125 0.115625 0.06875
9 0.29921875 0.56484375 0.053125 0.034375
1 0.4359375 0.52578125 0.11875 0.059375
4 0.375 0.56640625 0.1125 0.0453125
9 0.34921875 0.521875 0.053125 0.0359375
5 0.4078125 0.69921875 0.06875 0.05
3 0.46953125 0.27890625 0.059375 0.040625
6 0.36171875 0.23359375 0.084375 0.0515625
9 0.49375 0.1953125 0.059375 0.05625
3 0.41484375 0.25859375 0.05625 0.0625
6 0.4765625 0.67265625 0.090625 0.059375