9 0.15625 0.83359375 0.03125 0.046875
3 0.00546875 0.65703125 0.009375 0.040625
3 0.0375 0.73359375 0.025 0.034375
3 0.38046875 0.7296875 0.04375 0.04375
2 0.42421875 0.65546875 0.053125 0.05
5 0.471875 0.57265625 0.0515625 0.0453125
9 0.47109375 0.4875 0.040625 0.0328125
4 0.51328125 0.5 0.075 0.046875
0 0.51875 0.66640625 0.059375 0.0515625
2 0.5203125 0.58671875 0.05625 0.05
10 0.57265625 0.7625 0.06875 0.0796875
6 0.58125 0.57890625 0.0546875 0.0484375
1 0.57578125 0.3953125 0.071875 0.059375
8 0.65234375 0.4828125 0.0484375 0.05
7 0.70546875 0.36875 0.06875 0.0703125
6 0.7 0.86640625 0.05 0.075
11 0.79921875 0.578125 0.0453125 0.053125