3 0.69609375 0.4859375 0.0546875 0.040625
9 0.6984375 0.5671875 0.0546875 0.040625
6 0.65859375 0.3953125 0.0828125 0.04375
1 0.62578125 0.37421875 0.11875 0.065625
10 0.5703125 0.365625 0.10625 0.071875
2 0.48984375 0.3625 0.06875 0.06875
9 0.39375 0.36484375 0.059375 0.053125
3 0.33203125 0.3484375 0.059375 0.059375
3 0.65234375 0.46953125 0.05 0.03125
6 0.63515625 0.4875 0.040625 0.046875
4 0.56328125 0.4765625 0.1078125 0.059375
2 0.48828125 0.48359375 0.075 0.05625
3 0.40859375 0.459375 0.05625 0.05
8 0.32578125 0.45078125 0.0828125 0.065625
3 0.6578125 0.5671875 0.053125 0.040625
11 0.63046875 0.5734375 0.0125 0.0359375
7 0.56875 0.56640625 0.11875 0.059375
5 0.48515625 0.57109375 0.0640625 0.05625
8 0.4265625 0.571875 0.0796875 0.05625
9 0.3078125 0.590625 0.0625 0.0578125
3 0.6484375 0.63046875 0.05625 0.04375