7 0.44453125 0.703125 0.04375 0.103125
10 0.59296875 0.66015625 0.05 0.0921875
11 0.25859375 0.66484375 0.0515625 0.059375
8 0.40546875 0.6265625 0.040625 0.065625
1 0.271875 0.578125 0.071875 0.103125
6 0.390625 0.5578125 0.0484375 0.0734375
4 0.50390625 0.55546875 0.053125 0.09375
2 0.6421875 0.6078125 0.05 0.0640625
9 0.5890625 0.565625 0.040625 0.05
9 0.70546875 0.5484375 0.0453125 0.046875
0 0.3515625 0.47421875 0.046875 0.06875
5 0.49296875 0.46484375 0.0484375 0.059375
5 0.7296875 0.38984375 0.0625 0.0625
3 0.759375 0.51953125 0.046875 0.05
8 0.7171875 0.48828125 0.06875 0.06875
3 0.6203125 0.44453125 0.046875 0.0484375
2 0.47734375 0.375 0.05 0.06875
3 0.43828125 0.24375 0.053125 0.053125
6 0.2484375 0.3375 0.06875 0.0671875