10 0.4390625 0.50234375 0.121875 0.0625
8 0.096875 0.5734375 0.0390625 0.0625
3 0.0203125 0.74453125 0.01875 0.04375
2 0.040625 0.64609375 0.03125 0.053125
11 0.08203125 0.75390625 0.028125 0.059375
6 0.12734375 0.97734375 0.021875 0.0453125
3 0.07578125 0.80078125 0.021875 0.03125
3 0.07265625 0.37890625 0.021875 0.04375
9 0.06484375 0.2953125 0.01875 0.034375
9 0.08359375 0.29453125 0.015625 0.0390625
3 0.08359375 0.334375 0.025 0.028125
2 0.09921875 0.29921875 0.034375 0.065625
9 0.1265625 0.29453125 0.0296875 0.03125
9 0.08203125 0.16640625 0.021875 0.040625
9 0.09140625 0.19140625 0.025 0.028125
3 0.103125 0.17109375 0.040625 0.034375
3 0.08828125 0.13125 0.03125 0.0234375
3 0.0921875 0.040625 0.0296875 0.03125
5 0.121875 0.06015625 0.03125 0.0625
9 0.08984375 0.09140625 0.0203125 0.046875
0 0.103125 0.0734375 0.025 0.0484375
4 0.11875 0.0203125 0.084375 0.040625
3 0.0953125 0.22421875 0.025 0.025