6 0.28984375 0.7078125 0.0421875 0.06875
3 0.30234375 0.515625 0.04375 0.053125
1 0.878125 0.503125 0.1125 0.05
2 0.76484375 0.82109375 0.065625 0.065625
7 0.66953125 0.73828125 0.0984375 0.08125
8 0.58984375 0.64765625 0.065625 0.05
10 0.609375 0.4546875 0.084375 0.05625
9 0.596875 0.371875 0.0484375 0.046875
11 0.5109375 0.8375 0.05 0.071875
6 0.521875 0.54375 0.05625 0.05
2 0.52109375 0.446875 0.05625 0.05625
5 0.5296875 0.36015625 0.053125 0.059375
4 0.471875 0.3484375 0.0703125 0.0765625
3 0.47578125 0.15390625 0.04375 0.0625