6 0.70859375 0.4671875 0.0703125 0.0359375
0 0.61171875 0.17734375 0.078125 0.053125
11 0.63125 0.3296875 0.059375 0.040625
0 0.615625 0.36640625 0.0765625 0.0390625
3 0.6125 0.44296875 0.05 0.03125
3 0.625 0.59765625 0.0484375 0.034375
8 0.60234375 0.4703125 0.065625 0.040625
9 0.57421875 0.4046875 0.05 0.040625
3 0.55546875 0.3359375 0.05 0.0421875
5 0.5390625 0.23515625 0.065625 0.046875
9 0.56015625 0.5140625 0.053125 0.0390625
6 0.51015625 0.27890625 0.084375 0.040625
2 0.459375 0.32421875 0.071875 0.059375
9 0.53125 0.58046875 0.053125 0.04375
3 0.5015625 0.4765625 0.053125 0.0421875
9 0.47734375 0.41953125 0.0578125 0.040625
3 0.46796875 0.54609375 0.05625 0.046875
4 0.54296875 0.6859375 0.10625 0.06875
7 0.3890625 0.4546875 0.1328125 0.0625
10 0.55078125 0.89921875 0.10625 0.0828125