4 0.6609375 0.68046875 0.1109375 0.059375
3 0.6546875 0.446875 0.05 0.0375
3 0.58828125 0.371875 0.05625 0.046875
9 0.6046875 0.6140625 0.05625 0.040625
9 0.590625 0.528125 0.05625 0.040625
8 0.60078125 0.4296875 0.075 0.046875
11 0.5453125 0.2390625 0.0703125 0.0609375
0 0.56015625 0.33828125 0.090625 0.059375
9 0.54765625 0.434375 0.05625 0.04375
3 0.5625 0.71796875 0.059375 0.046875
3 0.5453125 0.62265625 0.0578125 0.0375
3 0.5015625 0.42890625 0.0609375 0.046875
9 0.509375 0.6453125 0.065625 0.046875
7 0.51171875 0.88515625 0.146875 0.096875
2 0.459375 0.64609375 0.090625 0.0546875
6 0.4625 0.5265625 0.10625 0.059375
5 0.44296875 0.40546875 0.0828125 0.06875
0 0.4453125 0.16875 0.1046875 0.0796875