9 0.86015625 0.56796875 0.07421875 0.05
3 0.25390625 0.3546875 0.05078125 0.05546875
3 0.33515625 0.34140625 0.04296875 0.05859375
3 0.40078125 0.48984375 0.0453125 0.05234375
3 0.18671875 0.7859375 0.06796875 0.046875
3 0.5375 0.2109375 0.0390625 0.05859375
5 0.65078125 0.3125 0.06171875 0.0671875
0 0.47578125 0.46875 0.05546875 0.07109375
9 0.371875 0.41796875 0.0453125 0.05703125
9 0.5421875 0.3015625 0.04765625 0.05859375
11 0.41796875 0.28203125 0.05 0.06640625
6 0.5625 0.68671875 0.06640625 0.05859375
6 0.76640625 0.18359375 0.06796875 0.08359375
8 0.70546875 0.24296875 0.059375 0.071875
10 0.67578125 0.3546875 0.08046875 0.109375
7 0.78984375 0.5734375 0.084375 0.15078125
9 0.8078125 0.35390625 0.05625 0.06015625
9 0.90078125 0.41796875 0.08515625 0.03671875