3 0.30625 0.42734375 0.05234375 0.0484375
9 0.35859375 0.3890625 0.05 0.04921875
3 0.409375 0.40546875 0.046875 0.04765625
3 0.459375 0.3828125 0.04375 0.0484375
9 0.528125 0.334375 0.0390625 0.0515625
0 0.59375 0.3390625 0.04765625 0.07578125
3 0.36171875 0.45625 0.059375 0.0421875
6 0.3046875 0.48828125 0.07109375 0.0734375
6 0.42890625 0.46015625 0.06640625 0.0765625
11 0.48359375 0.42734375 0.059375 0.06015625
3 0.5421875 0.390625 0.0421875 0.0515625
1 0.53125 0.43515625 0.078125 0.10859375
2 0.578125 0.5171875 0.05234375 0.071875
5 0.6015625 0.39453125 0.05078125 0.0640625
9 0.65625 0.36640625 0.03828125 0.05234375
0 0.67734375 0.41875 0.0484375 0.08125
9 0.72421875 0.39609375 0.0359375 0.05625
4 0.75234375 0.43515625 0.0578125 0.1078125
8 0.80859375 0.40546875 0.05390625 0.07734375
10 0.84296875 0.46640625 0.0671875 0.109375
11 0.89765625 0.43828125 0.05703125 0.0671875
8 0.690625 0.5046875 0.059375 0.06640625
5 0.62421875 0.46875 0.0484375 0.0453125
7 0.64921875 0.54609375 0.07578125 0.11171875
3 0.49375 0.50234375 0.05078125 0.05234375
9 0.3734375 0.5203125 0.05625 0.05078125
9 0.43046875 0.5578125 0.05546875 0.053125
3 0.51875 0.5921875 0.04921875 0.0546875
9 0.60859375 0.61640625 0.053125 0.05625
3 0.68671875 0.6625 0.053125 0.05859375
2 0.75 0.5921875 0.06171875 0.07578125
9 0.82421875 0.54375 0.0546875 0.059375