8 0.75 0.615625 0.075 0.04375
9 0.73359375 0.53046875 0.053125 0.040625
9 0.7078125 0.221875 0.053125 0.0484375
8 0.67265625 0.26953125 0.075 0.059375
9 0.69375 0.44921875 0.0546875 0.0375
9 0.64453125 0.50703125 0.05625 0.0375
9 0.696875 0.68046875 0.05625 0.0453125
1 0.6828125 0.7171875 0.121875 0.0734375
0 0.56328125 0.51484375 0.0859375 0.05
9 0.50234375 0.409375 0.059375 0.0484375
3 0.621875 0.17109375 0.05625 0.04375
5 0.52265625 0.0734375 0.06875 0.08125
6 0.5609375 0.7828125 0.0875 0.071875
7 0.46328125 0.640625 0.11875 0.0796875
3 0.43046875 0.26953125 0.0609375 0.0625
3 0.43359375 0.1703125 0.059375 0.06875
11 0.35859375 0.2703125 0.078125 0.08125
3 0.3328125 0.86640625 0.0625 0.075