5 0.2859375 0.2625 0.0453125 0.0578125
3 0.35546875 0.26640625 0.04140625 0.04765625
2 0.4203125 0.290625 0.0421875 0.065625
3 0.3453125 0.2953125 0.03984375 0.04921875
4 0.2578125 0.30703125 0.06796875 0.1
1 0.24453125 0.3421875 0.0671875 0.10859375
3 0.34375 0.33984375 0.0359375 0.0484375
3 0.3578125 0.36953125 0.03984375 0.0484375
0 0.48671875 0.409375 0.04453125 0.07421875
3 0.31875 0.4203125 0.04453125 0.05234375
9 0.234375 0.41484375 0.04765625 0.05234375
3 0.3109375 0.47265625 0.046875 0.05
3 0.30546875 0.515625 0.04609375 0.05390625
0 0.203125 0.45 0.0625 0.0765625
2 0.20625 0.51484375 0.0734375 0.06328125
3 0.2609375 0.60625 0.05703125 0.05546875
5 0.16796875 0.5875 0.07109375 0.06640625
9 0.7203125 0.2734375 0.040625 0.05
9 0.7328125 0.3015625 0.04140625 0.0484375
8 0.6484375 0.2984375 0.05 0.0609375
9 0.7265625 0.33984375 0.04453125 0.04765625
6 0.8203125 0.32734375 0.05859375 0.07421875
6 0.82421875 0.35625 0.07734375 0.10703125