11 0.45234375 0.2578125 0.034375 0.053125
11 0.61171875 0.09375 0.0421875 0.065625
10 0.63828125 0.2828125 0.059375 0.06875
9 0.64609375 0.153125 0.0390625 0.0484375
9 0.6234375 0.4 0.034375 0.0390625
9 0.54296875 0.38515625 0.034375 0.0390625
9 0.40078125 0.43125 0.03125 0.040625
9 0.3484375 0.46953125 0.028125 0.0375
9 0.3109375 0.5140625 0.03125 0.0390625
9 0.603125 0.6328125 0.034375 0.0375
9 0.72734375 0.69921875 0.0421875 0.0375
8 0.3984375 0.53984375 0.034375 0.0421875
8 0.471875 0.559375 0.03125 0.04375
6 0.36796875 0.3546875 0.0328125 0.046875
6 0.53125 0.62109375 0.0390625 0.0484375
7 0.52109375 0.503125 0.046875 0.046875
0 0.62265625 0.51640625 0.05 0.0375
0 0.7796875 0.66015625 0.059375 0.04375
2 0.81015625 0.590625 0.0625 0.0421875
2 0.51640625 0.74296875 0.0328125 0.06875
5 0.55390625 0.9078125 0.0375 0.0640625
5 0.8640625 0.53984375 0.05625 0.040625
3 0.83671875 0.4796875 0.046875 0.0375
3 0.7671875 0.53828125 0.040625 0.034375
3 0.7359375 0.5796875 0.040625 0.0375
3 0.69140625 0.6359375 0.040625 0.0390625
3 0.62578125 0.6765625 0.034375 0.040625
3 0.60546875 0.73203125 0.034375 0.0453125
3 0.553125 0.80234375 0.03125 0.053125
3 0.51640625 0.85390625 0.028125 0.0609375
1 0.690625 0.76328125 0.065625 0.0765625
4 0.6453125 0.821875 0.059375 0.078125