9 0.78828125 0.8484375 0.05 0.03125
3 0.67265625 0.63046875 0.0375 0.040625
2 0.60078125 0.5890625 0.040625 0.05
9 0.44609375 0.54609375 0.034375 0.03125
5 0.52421875 0.54375 0.0390625 0.05
4 0.453125 0.50546875 0.05 0.06875
2 0.53359375 0.49921875 0.040625 0.053125
0 0.60703125 0.5015625 0.04375 0.05625
1 0.35390625 0.44765625 0.0640625 0.06875
6 0.52578125 0.44375 0.040625 0.05
10 0.690625 0.453125 0.0625 0.065625
8 0.43359375 0.37890625 0.0515625 0.0453125
7 0.3265625 0.33203125 0.0734375 0.065625
6 0.78125 0.33828125 0.059375 0.046875
11 0.515625 0.24765625 0.0484375 0.04375