0 0.24609375 0.48984375 0.075 0.03125
2 0.25078125 0.56328125 0.0640625 0.034375
4 0.278125 0.271875 0.096875 0.05
9 0.61875 0.2859375 0.05625 0.05625
9 0.60234375 0.36953125 0.05625 0.05
9 0.56875 0.453125 0.05625 0.0421875
9 0.46171875 0.60234375 0.0546875 0.04375
9 0.45546875 0.896875 0.053125 0.05625
9 0.36015625 0.42109375 0.053125 0.034375
9 0.40390625 0.6328125 0.053125 0.040625
9 0.27265625 0.43359375 0.05 0.034375
11 0.57421875 0.678125 0.065625 0.0609375
11 0.50234375 0.95078125 0.0609375 0.0765625
10 0.45859375 0.8078125 0.1015625 0.090625
7 0.425 0.4703125 0.109375 0.0484375
6 0.38828125 0.36875 0.0765625 0.046875
6 0.62421875 0.50625 0.078125 0.0546875
8 0.525 0.34140625 0.0671875 0.05625
8 0.45703125 0.3828125 0.071875 0.0515625
3 0.49765625 0.22109375 0.053125 0.04375
3 0.3453125 0.22890625 0.05 0.0328125
3 0.3296875 0.3046875 0.05 0.0390625
3 0.3046875 0.4640625 0.046875 0.034375
3 0.29609375 0.53515625 0.05 0.03125
3 0.2859375 0.5859375 0.046875 0.0328125
3 0.26640625 0.67109375 0.05 0.03125
3 0.35703125 0.66640625 0.05 0.0375
0 0.36015625 0.5203125 0.078125 0.040625
1 0.409375 0.275 0.1125 0.06875
5 0.3234375 0.12734375 0.0625 0.05
5 0.2359375 0.6296875 0.05625 0.0328125