3 0.5796875 0.4015625 0.0625 0.05
3 0.51640625 0.49765625 0.05625 0.04375
3 0.45078125 0.35 0.053125 0.0390625
3 0.48984375 0.54921875 0.05625 0.040625
3 0.459375 0.6171875 0.053125 0.04375
3 0.40078125 0.73671875 0.05 0.04375
3 0.378125 0.7765625 0.053125 0.0421875
3 0.2875 0.62578125 0.0375 0.0203125
5 0.3671875 0.88515625 0.059375 0.0515625
5 0.6125 0.4890625 0.078125 0.0609375
1 0.29765625 0.64765625 0.10625 0.05
2 0.5484375 0.5625 0.08125 0.05
2 0.3484375 0.71484375 0.059375 0.0515625
9 0.48984375 0.6953125 0.0578125 0.0390625
0 0.51484375 0.653125 0.090625 0.05625
9 0.39609375 0.6 0.05 0.0390625
9 0.3484375 0.37734375 0.05 0.034375
9 0.28359375 0.4453125 0.04375 0.03125
6 0.33984375 0.60546875 0.0703125 0.0421875
6 0.253125 0.3921875 0.0703125 0.034375
11 0.2921875 0.29375 0.0578125 0.040625
11 0.359375 0.065625 0.0625 0.0484375
9 0.3921875 0.1078125 0.053125 0.05
10 0.33828125 0.2 0.103125 0.06875
9 0.2546875 0.51875 0.04375 0.0234375
9 0.2640625 0.4828125 0.0359375 0.0265625
7 0.31015625 0.48984375 0.10625 0.0421875
8 0.28125 0.5328125 0.05625 0.0328125
0 0.3859375 0.4984375 0.084375 0.040625
4 0.39921875 0.81328125 0.109375 0.0796875
8 0.315625 0.546875 0.0609375 0.04375
9 0.39453125 0.3734375 0.0515625 0.040625