0 0.49453125 0.5796875 0.0875 0.0515625
3 0.3421875 0.19375 0.03125 0.0375
3 0.2640625 0.4421875 0.025 0.028125
11 0.38125 0.2640625 0.059375 0.0453125
6 0.37265625 0.35 0.0765625 0.040625
9 0.38515625 0.42578125 0.0484375 0.034375
10 0.3609375 0.4984375 0.1 0.04375
7 0.36484375 0.58515625 0.109375 0.046875
8 0.3828125 0.6640625 0.065625 0.04375
9 0.46796875 0.77734375 0.05625 0.05
9 0.7015625 0.4921875 0.06875 0.053125
9 0.6203125 0.58359375 0.065625 0.053125
9 0.5515625 0.59453125 0.0609375 0.046875
3 0.49609375 0.18828125 0.05625 0.05
1 0.4765625 0.296875 0.121875 0.06875
2 0.49453125 0.39765625 0.078125 0.0453125
5 0.49921875 0.48046875 0.06875 0.046875
4 0.484375 0.675 0.109375 0.0734375