3 0.83359375 0.58125 0.0515625 0.05
2 0.70703125 0.58125 0.05625 0.059375
9 0.51484375 0.60703125 0.0375 0.05
5 0.58125 0.57578125 0.0421875 0.059375
2 0.53828125 0.53515625 0.0515625 0.0578125
4 0.46875 0.58515625 0.05625 0.0921875
1 0.328125 0.58359375 0.071875 0.1
7 0.1890625 0.509375 0.0953125 0.1
8 0.3296875 0.490625 0.059375 0.065625
6 0.47109375 0.49921875 0.046875 0.06875
0 0.60390625 0.50703125 0.0484375 0.071875
10 0.621875 0.428125 0.059375 0.0859375
6 0.5828125 0.26953125 0.05625 0.0625
11 0.25234375 0.3453125 0.06875 0.05625