6 0.37265625 0.234375 0.0453125 0.06875
4 0.265625 0.30390625 0.0671875 0.08125
11 0.45390625 0.3046875 0.0421875 0.0546875
0 0.5984375 0.2421875 0.046875 0.065625
6 0.753125 0.24921875 0.053125 0.065625
1 0.6828125 0.34609375 0.06875 0.08125
5 0.440625 0.42890625 0.04375 0.05
9 0.27109375 0.425 0.046875 0.0421875
3 0.20859375 0.471875 0.0515625 0.0375
9 0.44921875 0.52578125 0.040625 0.034375
3 0.62578125 0.52734375 0.04375 0.0375
10 0.8078125 0.53125 0.084375 0.0578125
8 0.6859375 0.66640625 0.065625 0.0375
2 0.334375 0.6375 0.0640625 0.0375
2 0.1828125 0.6046875 0.0625 0.0453125
3 0.81328125 0.66484375 0.05625 0.03125