11 0.54765625 0.7421875 0.034375 0.053125
11 0.38828125 0.90625 0.0421875 0.065625
10 0.36171875 0.7171875 0.059375 0.06875
9 0.35390625 0.846875 0.0390625 0.0484375
9 0.3765625 0.6 0.034375 0.0390625
9 0.45703125 0.61484375 0.034375 0.0390625
9 0.59921875 0.56875 0.03125 0.040625
9 0.6515625 0.53046875 0.028125 0.0375
9 0.6890625 0.4859375 0.03125 0.0390625
9 0.396875 0.3671875 0.034375 0.0375
9 0.27265625 0.30078125 0.0421875 0.0375
8 0.6015625 0.46015625 0.034375 0.0421875
8 0.528125 0.440625 0.03125 0.04375
6 0.63203125 0.6453125 0.0328125 0.046875
6 0.46875 0.37890625 0.0390625 0.0484375
7 0.47890625 0.496875 0.046875 0.046875
0 0.37734375 0.48359375 0.05 0.0375
0 0.2203125 0.33984375 0.059375 0.04375
2 0.18984375 0.409375 0.0625 0.0421875
2 0.48359375 0.25703125 0.0328125 0.06875
5 0.44609375 0.0921875 0.0375 0.0640625
5 0.1359375 0.46015625 0.05625 0.040625
3 0.16328125 0.5203125 0.046875 0.0375
3 0.2328125 0.46171875 0.040625 0.034375
3 0.2640625 0.4203125 0.040625 0.0375
3 0.30859375 0.3640625 0.040625 0.0390625
3 0.37421875 0.3234375 0.034375 0.040625
3 0.39453125 0.26796875 0.034375 0.0453125
3 0.446875 0.19765625 0.03125 0.053125
3 0.48359375 0.14609375 0.028125 0.0609375
1 0.309375 0.23671875 0.065625 0.0765625
4 0.3546875 0.178125 0.059375 0.078125