1 0.2328125 0.76953125 0.0703125 0.1078125
4 0.06171875 0.721875 0.090625 0.096875
3 0.90078125 0.54375 0.0625 0.0484375
2 0.76796875 0.55703125 0.0734375 0.0625
9 0.56484375 0.60546875 0.0421875 0.053125
10 0.50390625 0.590625 0.053125 0.09375
5 0.6328125 0.56328125 0.0546875 0.059375
2 0.58359375 0.521875 0.065625 0.0578125
0 0.64609375 0.48203125 0.0609375 0.06875
6 0.5015625 0.48671875 0.05 0.065625
8 0.3578125 0.49296875 0.05625 0.065625
7 0.2140625 0.525 0.090625 0.1
6 0.58515625 0.22578125 0.0609375 0.053125
11 0.25859375 0.34296875 0.065625 0.053125