7 0.33046875 0.72265625 0.0625 0.128125
11 0.146875 0.62421875 0.06875 0.0703125
8 0.35546875 0.63984375 0.053125 0.0828125
10 0.52109375 0.7265625 0.053125 0.115625
2 0.59921875 0.69296875 0.0453125 0.075
9 0.709375 0.6609375 0.046875 0.0578125
3 0.7875 0.66796875 0.0328125 0.025
8 0.78671875 0.61640625 0.0734375 0.078125
5 0.88984375 0.54765625 0.071875 0.0765625
3 0.74140625 0.553125 0.05 0.0625
9 0.58828125 0.63984375 0.046875 0.059375
4 0.5390625 0.61796875 0.053125 0.121875
5 0.60703125 0.5265625 0.059375 0.075
6 0.41796875 0.575 0.05625 0.09375
1 0.275 0.5609375 0.09375 0.134375
0 0.4671875 0.490625 0.05625 0.09375
2 0.6890625 0.44609375 0.065625 0.090625
6 0.503125 0.31640625 0.06875 0.1015625
3 0.784375 0.31171875 0.071875 0.0703125