5 0.2625 0.7140625 0.0578125 0.0453125
3 0.26640625 0.64453125 0.046875 0.040625
2 0.290625 0.5796875 0.065625 0.0421875
3 0.2953125 0.6546875 0.05 0.040625
4 0.30703125 0.7421875 0.1 0.06875
1 0.3421875 0.75546875 0.109375 0.0671875
3 0.33984375 0.65625 0.0484375 0.0359375
3 0.36953125 0.6421875 0.0484375 0.040625
0 0.409375 0.51328125 0.075 0.04375
3 0.4203125 0.68125 0.053125 0.04375
9 0.41484375 0.765625 0.053125 0.046875
3 0.47265625 0.6890625 0.05 0.046875
3 0.515625 0.69453125 0.053125 0.046875
0 0.45 0.796875 0.0765625 0.0625
2 0.51484375 0.79375 0.0625 0.0734375
3 0.60625 0.7390625 0.05625 0.05625
5 0.5875 0.83203125 0.065625 0.071875
9 0.2734375 0.2796875 0.05 0.040625
9 0.3015625 0.2671875 0.0484375 0.040625
8 0.2984375 0.3515625 0.0609375 0.05
9 0.33984375 0.2734375 0.046875 0.04375
6 0.32734375 0.1796875 0.075 0.059375
6 0.35625 0.17578125 0.10625 0.078125