9 0.27890625 0.52890625 0.05 0.040625
9 0.32421875 0.4734375 0.046875 0.04375
9 0.3828125 0.425 0.046875 0.04375
9 0.58125 0.61796875 0.046875 0.0390625
9 0.6796875 0.68125 0.046875 0.0359375
9 0.59609375 0.3953125 0.0453125 0.0375
9 0.53046875 0.37890625 0.0484375 0.040625
9 0.61484375 0.1484375 0.046875 0.046875
8 0.46484375 0.56953125 0.05625 0.053125
8 0.38515625 0.5515625 0.0515625 0.05
6 0.5296875 0.6328125 0.06875 0.05
6 0.34296875 0.33515625 0.059375 0.0546875
7 0.5203125 0.5 0.090625 0.05
10 0.58359375 0.2015625 0.0859375 0.0796875
11 0.44140625 0.234375 0.05625 0.059375
11 0.58359375 0.07578125 0.059375 0.065625
1 0.47734375 0.69140625 0.090625 0.078125
4 0.621875 0.821875 0.084375 0.078125
5 0.77421875 0.5265625 0.0546875 0.0359375
5 0.5296875 0.94296875 0.05625 0.065625
2 0.5109375 0.76328125 0.05625 0.06875
2 0.74140625 0.571875 0.0640625 0.0375
0 0.72265625 0.64140625 0.071875 0.040625
0 0.60546875 0.51484375 0.0703125 0.040625
3 0.653125 0.40078125 0.0453125 0.0359375
3 0.75234375 0.4671875 0.046875 0.034375
3 0.70703125 0.52734375 0.046875 0.034375
3 0.68203125 0.565625 0.046875 0.03125
3 0.653125 0.625 0.046875 0.0375
3 0.5765625 0.7578125 0.0453125 0.0453125
3 0.53984375 0.81953125 0.04375 0.046875
3 0.37421875 0.6828125 0.05 0.0390625