11 0.65234375 0.55625 0.0546875 0.075
8 0.61796875 0.36953125 0.059375 0.0890625
8 0.2484375 0.6765625 0.090625 0.084375
9 0.47890625 0.5328125 0.059375 0.0625
9 0.575 0.6171875 0.0515625 0.06875
7 0.53359375 0.35 0.078125 0.121875
10 0.43515625 0.3640625 0.09375 0.1078125
5 0.2453125 0.53125 0.0859375 0.0671875
3 0.56640625 0.525 0.05 0.0609375
3 0.36015625 0.53203125 0.065625 0.06875
4 0.4984375 0.65859375 0.084375 0.090625
2 0.3203125 0.4375 0.0875 0.071875
0 0.30390625 0.75859375 0.0890625 0.0796875
1 0.3859375 0.6890625 0.1078125 0.096875