9 0.259375 0.4515625 0.05 0.0453125
10 0.259375 0.5109375 0.0875 0.059375
4 0.3171875 0.50625 0.08125 0.0640625
8 0.328125 0.4203125 0.0609375 0.0578125
7 0.35625 0.24296875 0.08125 0.096875
0 0.3796875 0.503125 0.0625 0.05
9 0.38515625 0.578125 0.04375 0.040625
9 0.39765625 0.678125 0.046875 0.04375
9 0.45625 0.77890625 0.04375 0.046875
5 0.45625 0.48515625 0.0546875 0.05
9 0.496875 0.2125 0.0375 0.0578125
11 0.5078125 0.38828125 0.04375 0.0625
2 0.51171875 0.4703125 0.0453125 0.0640625
1 0.5828125 0.4546875 0.0625 0.0703125
6 0.5578125 0.18984375 0.0453125 0.084375
3 0.67265625 0.4421875 0.0390625 0.0515625