9 0.78515625 0.675 0.07578125 0.06171875
9 0.790625 0.44921875 0.06171875 0.0609375
9 0.65546875 0.56875 0.06015625 0.0625
9 0.49921875 0.62265625 0.0578125 0.06171875
9 0.5234375 0.31328125 0.03984375 0.05859375
9 0.29375 0.3140625 0.04921875 0.05703125
3 0.2953125 0.40703125 0.0453125 0.0578125
3 0.1828125 0.434375 0.0609375 0.0609375
3 0.11953125 0.5453125 0.07265625 0.06328125
11 0.43984375 0.425 0.05390625 0.0703125
11 0.68203125 0.35234375 0.0515625 0.0734375
3 0.60625 0.48046875 0.04765625 0.0609375
3 0.2453125 0.653125 0.06953125 0.0609375
1 0.2375 0.1875 0.0703125 0.1203125
6 0.10546875 0.271875 0.06953125 0.08828125
3 0.0234375 0.23203125 0.046875 0.0640625
2 0.0140625 0.1125 0.028125 0.06015625