6 0.73515625 0.46796875 0.0703125 0.034375
0 0.63515625 0.1734375 0.0765625 0.0515625
11 0.65390625 0.32734375 0.059375 0.0375
0 0.63203125 0.36328125 0.075 0.0375
3 0.6296875 0.440625 0.0484375 0.0296875
8 0.615625 0.46796875 0.065625 0.0375
3 0.6375 0.59296875 0.046875 0.034375
9 0.58671875 0.4 0.05 0.0390625
3 0.56796875 0.33125 0.05 0.040625
5 0.55390625 0.23203125 0.0625 0.0484375
6 0.51796875 0.27578125 0.078125 0.04375
2 0.4640625 0.31875 0.0671875 0.0546875
9 0.48125 0.41484375 0.053125 0.0453125
9 0.56875 0.50703125 0.05 0.0375
3 0.50546875 0.46796875 0.05 0.040625
9 0.53515625 0.571875 0.05 0.0421875
4 0.540625 0.67578125 0.096875 0.075
3 0.46796875 0.534375 0.0515625 0.04375
7 0.38125 0.43984375 0.115625 0.059375
10 0.5421875 0.88125 0.096875 0.0875
3 0.3921875 0.865625 0.05625 0.065625