6 0.46015625 0.67421875 0.05625 0.1125
8 0.39609375 0.61796875 0.065625 0.096875
2 0.53046875 0.6140625 0.0296875 0.084375
5 0.62109375 0.60390625 0.065625 0.0875
1 0.44453125 0.596875 0.078125 0.1640625
7 0.56015625 0.61171875 0.06875 0.09375
6 0.64921875 0.559375 0.071875 0.115625
10 0.54921875 0.5125 0.08125 0.146875
0 0.3046875 0.6234375 0.053125 0.05625
4 0.31875 0.53046875 0.103125 0.1453125
9 0.23671875 0.528125 0.071875 0.078125
3 0.4484375 0.4671875 0.0625 0.0765625
3 0.49375 0.41328125 0.0703125 0.078125
9 0.36328125 0.45703125 0.0703125 0.078125
9 0.39375 0.396875 0.06875 0.0765625
11 0.2265625 0.44140625 0.0953125 0.090625