4 0.3703125 0.77421875 0.040625 0.09375
3 0.38984375 0.7140625 0.03125 0.04375
1 0.44921875 0.77890625 0.040625 0.103125
3 0.44296875 0.715625 0.025 0.025
11 0.56484375 0.428125 0.05625 0.06875
6 0.38046875 0.65546875 0.04375 0.0796875
8 0.28359375 0.546875 0.053125 0.06875
8 0.36015625 0.596875 0.046875 0.071875
10 0.74375 0.57578125 0.078125 0.103125
9 0.18515625 0.47421875 0.05625 0.0578125
9 0.26640625 0.471875 0.053125 0.05625
9 0.36328125 0.4859375 0.0421875 0.053125
9 0.5640625 0.546875 0.040625 0.05625
9 0.6359375 0.5984375 0.040625 0.053125
9 0.88671875 0.49453125 0.059375 0.053125
9 0.44921875 0.68046875 0.034375 0.05
9 0.52109375 0.753125 0.03125 0.046875
0 0.58828125 0.76875 0.0359375 0.075
5 0.24375 0.75546875 0.0375 0.046875
5 0.74296875 0.75859375 0.04375 0.05625
2 0.6625 0.7578125 0.0375 0.059375
3 0.77109375 0.72421875 0.0375 0.046875
3 0.66484375 0.7140625 0.034375 0.0453125
3 0.61015625 0.7171875 0.03125 0.046875
3 0.53125 0.71953125 0.03125 0.046875
3 0.296875 0.72734375 0.028125 0.025
3 0.23515625 0.7171875 0.0421875 0.05
7 0.44609375 0.6140625 0.053125 0.1125
2 0.296875 0.68671875 0.05 0.0671875
6 0.37578125 0.43046875 0.053125 0.08125
0 0.54296875 0.65703125 0.04375 0.08125
11 0.91171875 0.44140625 0.0796875 0.06875