6 0.3109375 0.60390625 0.0734375 0.0375
0 0.3875 0.91484375 0.0859375 0.05625
11 0.37265625 0.75234375 0.059375 0.0375
0 0.38203125 0.7125 0.084375 0.040625
3 0.38671875 0.63203125 0.0484375 0.025
8 0.39296875 0.6 0.06875 0.040625
3 0.37734375 0.4703125 0.05 0.034375
9 0.428125 0.55390625 0.05625 0.040625
9 0.41796875 0.6703125 0.05625 0.04375
3 0.43515625 0.74609375 0.05625 0.04375
5 0.4484375 0.86015625 0.071875 0.05
6 0.4671875 0.81484375 0.1 0.04375
2 0.5140625 0.7625 0.084375 0.06875
9 0.45 0.48203125 0.059375 0.04375
3 0.47734375 0.58671875 0.059375 0.034375
9 0.4984375 0.65859375 0.065625 0.034375
3 0.50390625 0.515625 0.065625 0.0484375
4 0.43046875 0.375 0.11875 0.065625
8 0.4828125 0.2828125 0.0828125 0.06875
10 0.4203125 0.1609375 0.115625 0.0765625
3 0.5515625 0.13984375 0.0703125 0.0625
7 0.5609375 0.6171875 0.16875 0.075