9 0.93515625 0.06875 0.05 0.053125
6 0.8921875 0.5484375 0.0890625 0.0453125
2 0.8609375 0.62265625 0.0796875 0.04375
11 0.77421875 0.38671875 0.0671875 0.046875
1 0.77578125 0.41875 0.125 0.0765625
4 0.74453125 0.496875 0.115625 0.0703125
3 0.7546875 0.69765625 0.059375 0.040625
3 0.71875 0.91484375 0.0609375 0.0578125
3 0.66640625 0.5546875 0.059375 0.04375
3 0.70078125 0.34296875 0.0578125 0.05625
9 0.66640625 0.42109375 0.059375 0.053125
6 0.640625 0.48359375 0.084375 0.0625
9 0.584375 0.55234375 0.05625 0.05
0 0.64765625 0.61640625 0.0875 0.0515625
7 0.6125 0.69375 0.121875 0.06875
10 0.55546875 0.61171875 0.1015625 0.0703125
5 0.5453125 0.79140625 0.0734375 0.06875
2 0.48828125 0.7015625 0.075 0.0625
9 0.646875 0.15390625 0.05625 0.0640625
5 0.23203125 0.540625 0.065625 0.0703125