5 0.60390625 0.3125 0.0359375 0.05
3 0.571875 0.33671875 0.0296875 0.04375
4 0.503125 0.30859375 0.03984375 0.08828125
3 0.52421875 0.35078125 0.02890625 0.04140625
3 0.4625 0.35546875 0.03203125 0.04453125
3 0.3875 0.36015625 0.03359375 0.0453125
0 0.3140625 0.328125 0.0375 0.06953125
3 0.3171875 0.36953125 0.03671875 0.046875
3 0.26328125 0.375 0.03828125 0.04765625
5 0.1875 0.35703125 0.04375 0.05390625
2 0.60625 0.3578125 0.03828125 0.06171875
3 0.24765625 0.403125 0.04375 0.046875
2 0.1640625 0.40703125 0.0578125 0.0640625
8 0.2640625 0.45390625 0.059375 0.06953125
3 0.4296875 0.39921875 0.02890625 0.0265625
9 0.7296875 0.403125 0.04140625 0.0515625
8 0.6671875 0.409375 0.04765625 0.0671875
10 0.5171875 0.41484375 0.05078125 0.10390625
11 0.42734375 0.44140625 0.04140625 0.0625
11 0.45 0.48125 0.0484375 0.065625
0 0.54375 0.45625 0.046875 0.084375
6 0.365625 0.478125 0.04609375 0.08828125
9 0.3890625 0.5265625 0.046875 0.05859375
9 0.17265625 0.56640625 0.0546875 0.06328125
9 0.284375 0.54921875 0.01484375 0.0546875
1 0.3171875 0.55859375 0.07578125 0.140625
9 0.7015625 0.44921875 0.04296875 0.05390625
9 0.8078125 0.47421875 0.0515625 0.05703125
9 0.75 0.4875 0.0390625 0.0578125
9 0.659375 0.49140625 0.0421875 0.05625
6 0.709375 0.52578125 0.05625 0.09375
7 0.60859375 0.5140625 0.0609375 0.1328125