11 0.9421875 0.46875 0.06484375 0.06796875
8 0.88125 0.5015625 0.05625 0.07109375
6 0.83046875 0.52890625 0.05078125 0.0796875
9 0.875 0.43359375 0.05078125 0.05546875
9 0.8015625 0.4703125 0.04921875 0.059375
9 0.675 0.5328125 0.04765625 0.0515625
10 0.68125 0.60078125 0.075 0.1
9 0.60625 0.58203125 0.04765625 0.053125
6 0.61015625 0.65625 0.06015625 0.08203125
9 0.53515625 0.6125 0.04921875 0.05546875
8 0.5203125 0.7046875 0.0609375 0.08125
9 0.45859375 0.6515625 0.04921875 0.05625
11 0.43125 0.746875 0.05859375 0.07109375
9 0.36953125 0.69921875 0.0546875 0.05859375
9 0.74765625 0.496875 0.05234375 0.0515625
7 0.775 0.5625 0.08046875 0.11171875
3 0.6015625 0.421875 0.0421875 0.05390625
3 0.4296875 0.44921875 0.0453125 0.0546875
5 0.4953125 0.23828125 0.0421875 0.05859375
2 0.45546875 0.25546875 0.04140625 0.06796875
3 0.484375 0.2828125 0.0375 0.05
3 0.45 0.32109375 0.0375 0.05
0 0.3921875 0.2734375 0.03984375 0.07734375
3 0.3875 0.34375 0.040625 0.05078125
1 0.33359375 0.27734375 0.04453125 0.10703125
4 0.26015625 0.31953125 0.0546875 0.10078125
3 0.31015625 0.37265625 0.040625 0.053125
0 0.190625 0.34609375 0.05 0.07734375
3 0.23984375 0.4046875 0.03984375 0.05234375
3 0.18515625 0.43046875 0.04453125 0.053125
2 0.1296875 0.3859375 0.0546875 0.071875
5 0.06328125 0.421875 0.05625 0.06796875