3 0.40546875 0.79296875 0.046875 0.05
3 0.625 0.36875 0.0515625 0.034375
9 0.73203125 0.59453125 0.053125 0.046875
9 0.31171875 0.3921875 0.05625 0.040625
9 0.1453125 0.6 0.0625 0.040625
9 0.25703125 0.8171875 0.0546875 0.053125
2 0.1921875 0.55234375 0.08125 0.046875
2 0.325 0.615625 0.071875 0.05625
8 0.52734375 0.45234375 0.05 0.053125
11 0.24765625 0.49375 0.075 0.0421875
6 0.19765625 0.67734375 0.084375 0.0609375
6 0.56640625 0.63203125 0.046875 0.059375
10 0.4390625 0.47109375 0.071875 0.0625
7 0.61796875 0.49453125 0.053125 0.0625
0 0.4921875 0.5609375 0.0546875 0.05625
0 0.45703125 0.69375 0.0515625 0.071875
5 0.3203125 0.709375 0.05625 0.059375
5 0.340625 0.51796875 0.065625 0.04375