3 0.94140625 0.0609375 0.04140625 0.01875
3 0.9015625 0.0703125 0.04921875 0.021875
3 0.9796875 0.0703125 0.040625 0.02265625
3 0.90625 0.053125 0.021875 0.0109375
5 0.41953125 0.2484375 0.03671875 0.05703125
5 0.49453125 0.3203125 0.03984375 0.05703125
2 0.1734375 0.3671875 0.0578125 0.0625
8 0.36953125 0.36953125 0.08359375 0.06484375
6 0.32890625 0.41640625 0.0484375 0.0734375
0 0.56875 0.40390625 0.04453125 0.071875
4 0.51015625 0.521875 0.05625 0.08671875
9 0.29921875 0.50390625 0.05 0.05078125
3 0.296875 0.57734375 0.0484375 0.04921875
3 0.46875 0.68359375 0.04765625 0.0484375
2 0.60625 0.60234375 0.05234375 0.06640625