3 0.75546875 0.61640625 0.05625 0.0578125
9 0.47734375 0.271875 0.028125 0.0171875
5 0.70703125 0.67421875 0.075 0.0796875
11 0.88828125 0.3078125 0.053125 0.046875
11 0.63671875 0.2734375 0.040625 0.059375
6 0.5171875 0.24375 0.0375 0.0765625
9 0.42421875 0.27265625 0.0375 0.046875
9 0.371875 0.26015625 0.0265625 0.040625
8 0.38515625 0.2953125 0.040625 0.05625
8 0.40546875 0.34375 0.0515625 0.06875
7 0.47734375 0.334375 0.0515625 0.1125
9 0.8796875 0.35625 0.0375 0.053125
9 0.596875 0.353125 0.0375 0.053125
6 0.3765625 0.39453125 0.0515625 0.078125
9 0.41640625 0.45234375 0.04375 0.053125
1 0.30234375 0.3484375 0.075 0.1078125
2 0.253125 0.41875 0.06875 0.0671875
0 0.52421875 0.4234375 0.0453125 0.078125
9 0.6390625 0.40390625 0.040625 0.053125
4 0.8328125 0.3671875 0.075 0.1
3 0.70390625 0.4640625 0.04375 0.05
2 0.56875 0.48828125 0.0484375 0.06875
10 0.80234375 0.46796875 0.08125 0.10625
3 0.27265625 0.48828125 0.053125 0.053125
3 0.20546875 0.46953125 0.05625 0.053125
5 0.0734375 0.4828125 0.075 0.065625
3 0.4515625 0.5296875 0.046875 0.05625
3 0.54453125 0.55078125 0.0484375 0.053125
3 0.615625 0.56796875 0.05 0.05625
0 0.478125 0.609375 0.0546875 0.08125
9 0.40390625 0.584375 0.05 0.05625