8 0.68359375 0.54609375 0.0671875 0.04375
7 0.67890625 0.59921875 0.115625 0.0546875
10 0.64765625 0.67734375 0.10625 0.06875
9 0.5921875 0.72890625 0.0546875 0.0484375
6 0.571875 0.79921875 0.0859375 0.0640625
11 0.5203125 0.884375 0.071875 0.071875
9 0.68515625 0.3703125 0.0140625 0.01875
4 0.63671875 0.36015625 0.103125 0.053125
0 0.5921875 0.41328125 0.0890625 0.046875
5 0.54375 0.48125 0.071875 0.05
2 0.51171875 0.5375 0.0796875 0.0546875
1 0.48671875 0.60234375 0.134375 0.071875
3 0.4 0.7078125 0.06875 0.0609375
9 0.5578125 0.34609375 0.059375 0.04375
9 0.5171875 0.25703125 0.0640625 0.053125
9 0.43828125 0.1953125 0.0640625 0.0625