6 0.2296875 0.75 0.053125 0.0765625
8 0.2984375 0.7125 0.0515625 0.065625
9 0.4546875 0.68515625 0.040625 0.0546875
11 0.5484375 0.70703125 0.04375 0.059375
3 0.63125 0.6765625 0.0421875 0.053125
3 0.69765625 0.675 0.04375 0.053125
5 0.3703125 0.6703125 0.05 0.0640625
9 0.30390625 0.61796875 0.05 0.0546875
3 0.46171875 0.63046875 0.04375 0.053125
9 0.63046875 0.62578125 0.04375 0.053125
3 0.19609375 0.61484375 0.05 0.053125
9 0.40234375 0.58515625 0.0453125 0.0515625
0 0.56640625 0.58984375 0.05 0.08125
3 0.63046875 0.5765625 0.0421875 0.053125
7 0.74609375 0.54375 0.0859375 0.1125
4 0.47734375 0.5375 0.0625 0.103125
9 0.2 0.571875 0.05 0.05625
10 0.696875 0.42421875 0.084375 0.103125
6 0.5765625 0.43203125 0.05625 0.08125
1 0.35703125 0.47890625 0.0765625 0.1125
9 0.26015625 0.46953125 0.059375 0.05625
8 0.14765625 0.52109375 0.08125 0.0734375
3 0.91171875 0.40546875 0.0671875 0.059375