6 0.27265625 0.19296875 0.08125 0.06875
6 0.32578125 0.27109375 0.078125 0.065625
9 0.34296875 0.3578125 0.0546875 0.05
9 0.334375 0.4515625 0.053125 0.046875
0 0.275 0.5515625 0.0828125 0.04375
3 0.34609375 0.7171875 0.0546875 0.046875
2 0.39765625 0.7265625 0.0734375 0.05625
2 0.3984375 0.53046875 0.0625 0.053125
3 0.34453125 0.546875 0.053125 0.0390625
7 0.37109375 0.63046875 0.1140625 0.05625
3 0.39375 0.43671875 0.053125 0.040625
1 0.4234375 0.4140625 0.10625 0.08125
11 0.45078125 0.32734375 0.0625 0.065625
11 0.4390625 0.128125 0.065625 0.071875
3 0.51015625 0.0859375 0.05 0.06875
5 0.4546875 0.52734375 0.059375 0.0515625
5 0.5328125 0.39453125 0.0625 0.06875
8 0.45 0.6125 0.071875 0.053125
8 0.5984375 0.62734375 0.065625 0.065625
9 0.471875 0.75390625 0.0625 0.04375
10 0.5109375 0.728125 0.0921875 0.08125
4 0.5140625 0.6140625 0.0921875 0.0625
0 0.5203125 0.51796875 0.071875 0.0515625
9 0.603125 0.40234375 0.05 0.059375
9 0.590625 0.52109375 0.053125 0.0484375
9 0.68671875 0.49609375 0.053125 0.053125