2 0.9828125 0.79453125 0.034375 0.0640625
9 0.9734375 0.9734375 0.025 0.028125
9 0.96484375 0.76171875 0.01875 0.021875
6 0.69609375 0.60703125 0.084375 0.046875
9 0.6703125 0.465625 0.05625 0.0453125
5 0.65390625 0.3703125 0.0671875 0.053125
7 0.61484375 0.3515625 0.1125 0.078125
9 0.59765625 0.490625 0.05625 0.04375
0 0.6484375 0.540625 0.084375 0.046875
2 0.65 0.6734375 0.0734375 0.05
11 0.61640625 0.76796875 0.0671875 0.0625
6 0.5640625 0.80625 0.0796875 0.075
1 0.5796875 0.69765625 0.1140625 0.0796875
9 0.509375 0.4890625 0.053125 0.046875
3 0.478125 0.41640625 0.053125 0.046875
5 0.5203125 0.3375 0.0671875 0.0640625
8 0.51328125 0.1828125 0.0734375 0.0828125
11 0.41171875 0.31796875 0.0640625 0.0625
10 0.4953125 0.57265625 0.09375 0.065625
4 0.4875 0.71953125 0.0953125 0.09375
3 0.41796875 0.5046875 0.0515625 0.05
8 0.371875 0.5921875 0.071875 0.0625