6 0.74375 0.334375 0.04375 0.075
6 0.66875 0.371875 0.04375 0.078125
11 0.79140625 0.453125 0.053125 0.065625
3 0.825 0.5078125 0.053125 0.05625
0 0.871875 0.62109375 0.0765625 0.090625
9 0.59375 0.3875 0.0359375 0.05
9 0.51640625 0.3828125 0.0296875 0.05
11 0.60390625 0.4609375 0.0484375 0.0625
1 0.52109375 0.4296875 0.05 0.1125
5 0.5328125 0.51953125 0.0484375 0.065625
9 0.51953125 0.57421875 0.046875 0.05625
3 0.43828125 0.3875 0.0375 0.04375
2 0.4328125 0.42421875 0.04375 0.0625
5 0.4296875 0.4609375 0.046875 0.059375
0 0.4265625 0.503125 0.0515625 0.08125
9 0.4140625 0.56171875 0.0453125 0.059375
9 0.41796875 0.634375 0.053125 0.0625
9 0.3671875 0.39453125 0.01875 0.05
7 0.3484375 0.39453125 0.059375 0.1046875
8 0.3515625 0.4578125 0.0546875 0.06875
4 0.33515625 0.49375 0.071875 0.1046875
8 0.3125 0.56328125 0.0671875 0.075
3 0.2890625 0.38984375 0.040625 0.046875
2 0.2671875 0.42109375 0.05625 0.06875
10 0.23828125 0.48984375 0.08125 0.10625