0 0.68671875 0.534375 0.06875 0.03125
5 0.6484375 0.84921875 0.05625 0.0453125
4 0.675 0.7234375 0.096875 0.046875
3 0.63203125 0.78046875 0.05 0.028125
3 0.62734375 0.696875 0.046875 0.034375
2 0.6046875 0.75703125 0.06875 0.0453125
3 0.63671875 0.6328125 0.0484375 0.03125
3 0.64609375 0.56171875 0.046875 0.03125
3 0.6515625 0.4953125 0.0453125 0.034375
5 0.68125 0.41796875 0.0484375 0.03125
3 0.65546875 0.4484375 0.04375 0.03125
3 0.63515625 0.3953125 0.046875 0.0375
2 0.6484375 0.3359375 0.0578125 0.040625
9 0.5265625 0.81015625 0.0609375 0.046875
8 0.54140625 0.721875 0.075 0.046875
3 0.59609375 0.5046875 0.0515625 0.0328125
10 0.57890625 0.5359375 0.109375 0.0484375
11 0.57265625 0.46015625 0.0625 0.046875
8 0.59921875 0.3265625 0.065625 0.040625
6 0.56171875 0.35 0.084375 0.053125
11 0.53828125 0.41015625 0.065625 0.0375
9 0.49296875 0.69375 0.0640625 0.0484375
9 0.43359375 0.75234375 0.06875 0.05625
9 0.44296875 0.665625 0.0671875 0.053125
0 0.53515625 0.51171875 0.0890625 0.05
9 0.46875 0.5734375 0.065625 0.04375
9 0.51796875 0.3171875 0.0546875 0.046875
9 0.52421875 0.24140625 0.05625 0.05
9 0.53828125 0.13984375 0.053125 0.025
1 0.52265625 0.184375 0.13125 0.084375
6 0.4296875 0.5328125 0.103125 0.05625
7 0.47578125 0.4375 0.1390625 0.06875