9 0.23984375 0.915625 0.0421875 0.059375
9 0.278125 0.2359375 0.05 0.040625
9 0.31484375 0.34765625 0.05 0.034375
9 0.36015625 0.68359375 0.0484375 0.0421875
9 0.428125 0.5625 0.053125 0.040625
9 0.38203125 0.32265625 0.053125 0.040625
6 0.4734375 0.0984375 0.078125 0.078125
7 0.5375 0.5109375 0.103125 0.0578125
8 0.27421875 0.4921875 0.0625 0.034375
3 0.46953125 0.38359375 0.053125 0.0421875
3 0.259375 0.29609375 0.0390625 0.03125
3 0.2890625 0.303125 0.046875 0.034375
3 0.29296875 0.63359375 0.0515625 0.0328125
3 0.42109375 0.7046875 0.0546875 0.04375
5 0.6546875 0.3859375 0.06875 0.059375
0 0.4875 0.72421875 0.0828125 0.059375