6 0.27890625 0.14921875 0.1 0.0671875
3 0.27421875 0.40625 0.0625 0.040625
8 0.31953125 0.2515625 0.0859375 0.065625
11 0.30234375 0.57109375 0.078125 0.0546875
9 0.33515625 0.465625 0.06875 0.05
5 0.3609375 0.3640625 0.08125 0.0625
3 0.325 0.7671875 0.065625 0.05
3 0.32890625 0.68671875 0.0671875 0.053125
9 0.43125 0.16328125 0.075 0.065625
9 0.38515625 0.72109375 0.06875 0.04375
3 0.44453125 0.74921875 0.071875 0.0609375
0 0.43125 0.6703125 0.1125 0.071875
3 0.72265625 0.1984375 0.0859375 0.09375
6 0.64609375 0.78671875 0.125 0.1125