6 0.403125 0.253125 0.053125 0.0625
6 0.6703125 0.28828125 0.05625 0.05625
11 0.59375 0.2515625 0.046875 0.0546875
11 0.4765625 0.61328125 0.046875 0.0390625
8 0.678125 0.5265625 0.0515625 0.0375
8 0.296875 0.61015625 0.05625 0.040625
7 0.31328125 0.46484375 0.08125 0.046875
10 0.58203125 0.45546875 0.059375 0.05
2 0.49609375 0.26328125 0.046875 0.05625
1 0.5953125 0.33203125 0.059375 0.06875
4 0.68125 0.3953125 0.075 0.0609375
0 0.4046875 0.334375 0.0515625 0.0546875
5 0.25859375 0.41015625 0.0640625 0.04375
5 0.3859375 0.53359375 0.053125 0.0375
3 0.47421875 0.5265625 0.040625 0.0296875
3 0.5828125 0.52890625 0.0375 0.0296875
9 0.30859375 0.34453125 0.053125 0.04375
9 0.41171875 0.3984375 0.04375 0.0375
9 0.4953125 0.471875 0.0375 0.0296875