5 0.69921875 0.53984375 0.046875 0.0375
4 0.67578125 0.45859375 0.08125 0.04375
3 0.66015625 0.5265625 0.0421875 0.03125
2 0.625 0.590625 0.05625 0.04375
3 0.625 0.49921875 0.040625 0.03125
3 0.60859375 0.4453125 0.04375 0.03125
9 0.58046875 0.72890625 0.0421875 0.040625
9 0.5 0.83359375 0.0421875 0.05
9 0.4734375 0.79921875 0.04375 0.046875
9 0.515625 0.73671875 0.0421875 0.046875
9 0.4515625 0.7359375 0.0421875 0.046875
8 0.55859375 0.6890625 0.053125 0.05625
6 0.41015625 0.8109375 0.0578125 0.06875
7 0.38984375 0.74921875 0.08125 0.08125
0 0.4640625 0.62890625 0.059375 0.053125
10 0.50703125 0.584375 0.075 0.065625
11 0.4203125 0.5625 0.05 0.05
11 0.46875 0.50859375 0.05 0.0421875
3 0.5875 0.378125 0.04375 0.0328125
3 0.5140625 0.47578125 0.0453125 0.0375
6 0.39765625 0.49765625 0.059375 0.046875
9 0.353125 0.5453125 0.040625 0.040625
9 0.30859375 0.48984375 0.04375 0.04375
1 0.27109375 0.55546875 0.0734375 0.06875
8 0.41328125 0.3765625 0.053125 0.05
0 0.6140625 0.2796875 0.0640625 0.040625
3 0.559375 0.31796875 0.04375 0.0359375
3 0.53828125 0.26953125 0.04375 0.0375
3 0.48671875 0.29140625 0.0453125 0.040625
5 0.54921875 0.1671875 0.053125 0.05
2 0.46015625 0.21484375 0.05 0.059375
9 0.25390625 0.4015625 0.04375 0.04375