10 0.59375 0.50234375 0.10625 0.1125
8 0.78984375 0.5734375 0.0625 0.0828125
8 0.2984375 0.54140625 0.084375 0.0890625
5 0.3234375 0.4640625 0.0828125 0.071875
11 0.7359375 0.65859375 0.071875 0.075
9 0.571875 0.571875 0.059375 0.05
2 0.440625 0.4578125 0.09375 0.078125
3 0.4546875 0.51171875 0.065625 0.0484375
0 0.33359375 0.6015625 0.0890625 0.084375
3 0.6609375 0.60078125 0.0390625 0.065625
1 0.434375 0.625 0.1171875 0.128125
4 0.5515625 0.65859375 0.084375 0.1265625
7 0.70234375 0.546875 0.078125 0.1328125
9 0.6234375 0.6484375 0.046875 0.0625