5 0.66171875 0.81171875 0.053125 0.0453125
2 0.62421875 0.80625 0.0578125 0.05
0 0.5875 0.8078125 0.065625 0.05
1 0.53828125 0.82109375 0.0796875 0.071875
4 0.475 0.790625 0.078125 0.078125
0 0.4171875 0.79921875 0.059375 0.0625
2 0.3359375 0.79765625 0.053125 0.075
5 0.275 0.77734375 0.0515625 0.065625
3 0.2984375 0.678125 0.04375 0.053125
3 0.35234375 0.703125 0.04375 0.053125
3 0.42578125 0.68984375 0.04375 0.04375
3 0.47578125 0.7078125 0.04375 0.04375
3 0.53046875 0.70546875 0.04375 0.040625
3 0.57421875 0.7328125 0.04375 0.04375
3 0.63125 0.7265625 0.04375 0.0359375
3 0.66328125 0.7203125 0.04375 0.034375
11 0.703125 0.31953125 0.053125 0.04375
8 0.66328125 0.28984375 0.053125 0.05
6 0.62734375 0.2734375 0.065625 0.0515625
7 0.603125 0.246875 0.0890625 0.071875
10 0.54375 0.215625 0.078125 0.0765625
6 0.4890625 0.19375 0.0578125 0.0671875
8 0.42421875 0.1578125 0.05 0.078125
11 0.359375 0.13671875 0.05 0.06875
9 0.35078125 0.23046875 0.04375 0.053125
9 0.4015625 0.25 0.040625 0.053125
9 0.46484375 0.275 0.04375 0.0453125
9 0.52109375 0.309375 0.04375 0.04375
9 0.57265625 0.3265625 0.04375 0.04375
9 0.609375 0.3453125 0.0421875 0.0421875
9 0.6515625 0.36640625 0.04375 0.040625
9 0.69140625 0.37890625 0.04375 0.040625