9 0.50234375 0.040625 0.03046875 0.04140625
3 0.90703125 0.05703125 0.03671875 0.04453125
5 0.62265625 0.23515625 0.03359375 0.05234375
2 0.4546875 0.31640625 0.02734375 0.0546875
5 0.37421875 0.3359375 0.028125 0.05
10 0.4765625 0.34921875 0.04921875 0.0765625
7 0.40703125 0.3609375 0.0578125 0.0828125
3 0.2 0.4203125 0.046875 0.03984375
9 0.4953125 0.40703125 0.03515625 0.03984375
0 0.428125 0.41875 0.04453125 0.05859375
6 0.51640625 0.446875 0.03984375 0.0546875
3 0.44921875 0.46640625 0.0375 0.03671875
3 0.29375 0.50234375 0.0453125 0.0375
9 0.5421875 0.50234375 0.0359375 0.03984375
4 0.44921875 0.51796875 0.0609375 0.065625
3 0.58828125 0.5609375 0.03984375 0.0390625
1 0.48828125 0.56875 0.0578125 0.06484375
2 0.2484375 0.6296875 0.06171875 0.0515625
11 0.50859375 0.6203125 0.04453125 0.04609375
9 0.7765625 0.565625 0.046875 0.040625
6 0.2734375 0.70234375 0.06484375 0.0453125