3 0.91875 0.20234375 0.05234375 0.05390625
3 0.63203125 0.0234375 0.03515625 0.046875
11 0.815625 0.30234375 0.0625 0.05625
6 0.71796875 0.29453125 0.053125 0.06484375
9 0.6296875 0.3 0.03984375 0.04765625
10 0.55078125 0.28203125 0.05625 0.0859375
7 0.4484375 0.290625 0.05625 0.09140625
8 0.3609375 0.29609375 0.053125 0.06484375
9 0.26015625 0.4328125 0.0515625 0.0421875
9 0.446875 0.553125 0.0421875 0.03671875
9 0.45625 0.63515625 0.04609375 0.0328125
9 0.53359375 0.71875 0.04296875 0.03671875
3 0.84921875 0.48984375 0.059375 0.0390625
1 0.740625 0.49296875 0.08359375 0.059375
2 0.6375 0.4875 0.04453125 0.05234375
5 0.55390625 0.490625 0.04921875 0.0484375
0 0.4546875 0.49296875 0.04765625 0.0453125
4 0.365625 0.48828125 0.0734375 0.0640625