5 0.71015625 0.725 0.053125 0.04375
2 0.6734375 0.74375 0.0578125 0.05
0 0.6390625 0.7609375 0.065625 0.05
1 0.59140625 0.80234375 0.090625 0.071875
4 0.53125 0.8015625 0.078125 0.078125
0 0.48046875 0.8328125 0.059375 0.0640625
2 0.40546875 0.8671875 0.05625 0.075
5 0.34375 0.87734375 0.0515625 0.0703125
3 0.3421875 0.7734375 0.04375 0.053125
3 0.3984375 0.7734375 0.04375 0.053125
3 0.465625 0.72578125 0.04375 0.04375
3 0.515625 0.71953125 0.04375 0.04375
3 0.5671875 0.69140625 0.04375 0.040625
3 0.61328125 0.69609375 0.04375 0.04375
3 0.66953125 0.66171875 0.04375 0.0359375
3 0.696875 0.64140625 0.04375 0.034375
11 0.66796875 0.225 0.053125 0.0484375
8 0.62109375 0.21484375 0.05 0.059375
6 0.58046875 0.21875 0.0625 0.059375
7 0.55 0.209375 0.084375 0.08125
10 0.4828125 0.2046875 0.075 0.08125
6 0.421875 0.209375 0.0578125 0.0671875
8 0.3453125 0.2 0.05 0.078125
11 0.2734375 0.21171875 0.05 0.06875
9 0.28984375 0.315625 0.04375 0.053125
9 0.34609375 0.31015625 0.040625 0.053125
9 0.41640625 0.30390625 0.04375 0.0453125
9 0.48046875 0.30859375 0.04375 0.04375
9 0.53515625 0.3015625 0.04375 0.04375
9 0.5765625 0.3015625 0.0421875 0.0421875
9 0.625 0.30078125 0.04375 0.040625
9 0.6671875 0.29296875 0.04375 0.040625