9 0.134375 0.35546875 0.06015625 0.05
9 0.8375 0.2546875 0.0359375 0.0515625
3 0.7703125 0.24921875 0.0359375 0.04453125
3 0.79296875 0.2765625 0.034375 0.05
6 0.81015625 0.340625 0.053125 0.0875
8 0.72578125 0.3828125 0.05 0.0765625
9 0.82890625 0.484375 0.05078125 0.0671875
9 0.7203125 0.5453125 0.05390625 0.065625
9 0.54375 0.41171875 0.03046875 0.06171875
9 0.4375 0.384375 0.04140625 0.053125
7 0.51640625 0.4515625 0.0578125 0.1359375
3 0.578125 0.34921875 0.0359375 0.05390625
3 0.33203125 0.41953125 0.04375 0.0609375
3 0.25078125 0.42265625 0.04765625 0.05703125
5 0.6328125 0.42890625 0.05078125 0.0703125
0 0.62734375 0.46796875 0.05703125 0.09296875