5 0.24765625 0.25078125 0.059375 0.053125
3 0.28046875 0.30625 0.05 0.04375
3 0.30234375 0.37421875 0.0484375 0.040625
4 0.2359375 0.3765625 0.096875 0.0609375
3 0.29765625 0.44921875 0.05 0.0375
3 0.29375 0.5359375 0.053125 0.0375
0 0.2359375 0.603125 0.078125 0.0390625
5 0.2578125 0.75078125 0.059375 0.046875
3 0.29765625 0.61640625 0.0515625 0.0375
3 0.29921875 0.678125 0.05 0.040625
3 0.346875 0.709375 0.053125 0.0453125
2 0.340625 0.79921875 0.065625 0.0625
2 0.3328125 0.2890625 0.0703125 0.053125
3 0.39140625 0.52578125 0.053125 0.04375
9 0.43359375 0.1734375 0.053125 0.059375
8 0.434375 0.25703125 0.065625 0.0625
10 0.43359375 0.44140625 0.090625 0.0625
11 0.4421875 0.54296875 0.059375 0.0484375
0 0.49609375 0.43671875 0.071875 0.053125
8 0.43359375 0.72109375 0.065625 0.0640625
6 0.49609375 0.63359375 0.071875 0.053125
11 0.50703125 0.54453125 0.0578125 0.053125
9 0.559375 0.628125 0.05 0.0484375
9 0.5015625 0.24453125 0.053125 0.0578125
9 0.5640625 0.14453125 0.053125 0.065625
9 0.57265625 0.221875 0.053125 0.059375
9 0.56171875 0.325 0.05 0.05
9 0.57109375 0.725 0.0515625 0.053125
9 0.57578125 0.85390625 0.0515625 0.0625
1 0.61953125 0.73359375 0.1 0.0859375
6 0.6359375 0.30234375 0.065625 0.06875
7 0.61484375 0.41015625 0.09375 0.075