3 0.64765625 0.5078125 0.04375 0.03125
2 0.62890625 0.45234375 0.053125 0.040625
9 0.60390625 0.38828125 0.04375 0.03125
9 0.61796875 0.54375 0.04375 0.03125
8 0.56875 0.4546875 0.053125 0.0390625
3 0.59140625 0.60078125 0.0421875 0.0328125
2 0.5640625 0.54375 0.05625 0.034375
5 0.53671875 0.4953125 0.053125 0.0390625
4 0.5734375 0.78359375 0.0796875 0.0703125
9 0.56015625 0.66328125 0.040625 0.0375
9 0.51953125 0.71171875 0.040625 0.04375
6 0.49453125 0.77734375 0.0625 0.053125
6 0.49453125 0.65703125 0.0625 0.0484375
3 0.40390625 0.7921875 0.04375 0.05
3 0.4546875 0.72578125 0.04375 0.053125
3 0.40625 0.6765625 0.0421875 0.040625
11 0.459375 0.60078125 0.0515625 0.046875
3 0.38828125 0.61875 0.04375 0.040625
9 0.3640625 0.7359375 0.04375 0.05
3 0.42109375 0.5328125 0.04375 0.040625
5 0.4515625 0.48125 0.05 0.0421875
9 0.46328125 0.37890625 0.046875 0.0375
9 0.4234375 0.415625 0.04375 0.0375
7 0.51953125 0.13359375 0.090625 0.084375
0 0.41484375 0.22578125 0.065625 0.059375
11 0.396875 0.35234375 0.053125 0.0484375
10 0.309375 0.3203125 0.075 0.071875
3 0.2375 0.38515625 0.04375 0.046875
1 0.2859375 0.4640625 0.078125 0.05625
0 0.39375 0.4671875 0.0625 0.04375
9 0.33515625 0.5296875 0.046875 0.0390625
8 0.29609375 0.61171875 0.065625 0.0515625