3 0.4890625 0.353125 0.0359375 0.04765625
9 0.65078125 0.43359375 0.04140625 0.05
8 0.475 0.43515625 0.0453125 0.0671875
3 0.42265625 0.44140625 0.04296875 0.04921875
3 0.5671875 0.43671875 0.0375 0.03125
0 0.5625 0.4875 0.0484375 0.071875
9 0.48203125 0.496875 0.0421875 0.0484375
0 0.3921875 0.48671875 0.0515625 0.06953125
3 0.7453125 0.49296875 0.0484375 0.05
3 0.6546875 0.50859375 0.040625 0.0484375
9 0.67265625 0.55390625 0.046875 0.0515625
3 0.47734375 0.55234375 0.0453125 0.04765625
7 0.35859375 0.525 0.05625 0.065625
11 0.5578125 0.55859375 0.0484375 0.05546875
4 0.3625 0.6015625 0.075 0.0859375
5 0.46015625 0.6234375 0.05546875 0.059375
6 0.56484375 0.61484375 0.053125 0.07109375
2 0.6703125 0.61640625 0.05234375 0.06796875