0 0.40703125 0.10859375 0.06875 0.075
0 0.50390625 0.5 0.0625 0.04375
3 0.24375 0.13515625 0.0515625 0.05
3 0.1546875 0.11171875 0.0375 0.059375
3 0.1984375 0.0140625 0.046875 0.028125
9 0.2328125 0.04609375 0.05 0.053125
3 0.33359375 0.25625 0.05 0.04375
11 0.2984375 0.334375 0.059375 0.04375
6 0.19921875 0.50625 0.075 0.0390625
6 0.26875 0.51015625 0.071875 0.040625
9 0.31328125 0.56015625 0.05 0.0375
9 0.34375 0.6296875 0.05 0.0390625
9 0.434375 0.75625 0.05 0.040625
3 0.38828125 0.68984375 0.046875 0.046875
3 0.46796875 0.8265625 0.046875 0.05625
3 0.3828125 0.56640625 0.0484375 0.0390625
11 0.38125 0.4453125 0.059375 0.0453125
1 0.39296875 0.51171875 0.1 0.05
2 0.42578125 0.62734375 0.05625 0.0546875
2 0.51015625 0.775 0.065625 0.065625
7 0.4484375 0.71484375 0.09375 0.078125
8 0.49609375 0.63203125 0.065625 0.0546875
9 0.5734375 0.72109375 0.05 0.0546875
9 0.51328125 0.365625 0.046875 0.0484375
9 0.55546875 0.45 0.0453125 0.05
9 0.60703125 0.35625 0.0453125 0.05
5 0.46328125 0.415625 0.059375 0.046875
5 0.4640625 0.57265625 0.05625 0.053125
4 0.54140625 0.56875 0.0765625 0.059375
8 0.60703125 0.5078125 0.0546875 0.05625
10 0.58984375 0.65078125 0.0765625 0.075