7 0.309375 0.5453125 0.096875 0.0375
2 0.2984375 0.48125 0.040625 0.0375
2 0.346875 0.48359375 0.059375 0.0359375
5 0.32734375 0.4375 0.046875 0.034375
6 0.33984375 0.40078125 0.06875 0.0359375
9 0.38125 0.34765625 0.046875 0.0375
5 0.36796875 0.44609375 0.0390625 0.034375
3 0.39140625 0.60078125 0.046875 0.034375
8 0.41796875 0.4484375 0.059375 0.040625
3 0.41484375 0.54296875 0.04375 0.034375
8 0.40234375 0.7796875 0.059375 0.053125
4 0.42109375 0.725 0.09375 0.0625
9 0.44609375 0.63046875 0.046875 0.0375
9 0.471875 0.5671875 0.046875 0.0375
9 0.478125 0.45546875 0.046875 0.0375
3 0.575 0.66171875 0.05 0.04375
3 0.53828125 0.48125 0.05 0.040625
3 0.4953125 0.33671875 0.0484375 0.04375
0 0.48671875 0.20390625 0.075 0.059375
0 0.528125 0.14453125 0.0765625 0.065625
11 0.55 0.334375 0.0609375 0.053125
6 0.73125 0.45625 0.0828125 0.05625
10 0.4359375 0.9265625 0.09375 0.0765625