7 0.4953125 0.31171875 0.03203125 0.06796875
6 0.58125 0.30546875 0.02734375 0.05078125
8 0.67421875 0.33125 0.0328125 0.04765625
2 0.775 0.35390625 0.03515625 0.046875
6 0.7140625 0.37578125 0.03671875 0.05078125
1 0.59453125 0.403125 0.0359375 0.07109375
0 0.446875 0.371875 0.0265625 0.0515625
10 0.4109375 0.3984375 0.046875 0.0625
3 0.8046875 0.40625 0.03203125 0.034375
5 0.76796875 0.4609375 0.0390625 0.04296875
4 0.4515625 0.49453125 0.04375 0.06328125
5 0.71640625 0.54453125 0.0390625 0.04140625
2 0.625 0.55546875 0.03046875 0.046875
3 0.60234375 0.60390625 0.0328125 0.03515625