11 0.8859375 0.45859375 0.0859375 0.065625
8 0.66015625 0.3953125 0.0625 0.08125
8 0.225 0.33359375 0.06875 0.0671875
9 0.328125 0.296875 0.04375 0.0578125
9 0.42890625 0.3359375 0.0453125 0.04375
10 0.5421875 0.2578125 0.0625 0.1109375
6 0.54296875 0.4625 0.0578125 0.084375
6 0.28671875 0.7171875 0.084375 0.075
3 0.23359375 0.4140625 0.05 0.059375
3 0.26015625 0.29375 0.046875 0.0625
5 0.09375 0.39375 0.0671875 0.0703125
5 0.33203125 0.47109375 0.065625 0.078125
0 0.43671875 0.546875 0.0625 0.078125
2 0.2 0.53984375 0.0875 0.078125
2 0.446875 0.28046875 0.059375 0.084375
1 0.66171875 0.5171875 0.090625 0.115625
4 0.44140625 0.390625 0.059375 0.109375