3 0.38515625 0.4828125 0.090625 0.04375
3 0.0890625 0.184375 0.025 0.0515625
9 0.1234375 0.0671875 0.01875 0.025
9 0.17109375 0.015625 0.0234375 0.03125
0 0.2328125 0.509375 0.11875 0.0546875
2 0.2640625 0.33515625 0.096875 0.065625
6 0.25703125 0.6671875 0.1234375 0.0484375
1 0.30390625 0.578125 0.203125 0.08125
5 0.3328125 0.7390625 0.1015625 0.0765625
6 0.409375 0.8078125 0.15625 0.1
7 0.39140625 0.62265625 0.23125 0.1
4 0.25859375 0.44765625 0.1609375 0.078125
9 0.3015625 0.4046875 0.025 0.0453125
10 0.41796875 0.42734375 0.215625 0.10625
11 0.321875 0.2734375 0.1 0.065625
3 0.3703125 0.33125 0.0875 0.0703125
9 0.42109375 0.32265625 0.096875 0.078125
8 0.4390625 0.18671875 0.1328125 0.1296875