2 0.721875 0.5671875 0.075 0.0625
2 0.41171875 0.33515625 0.0421875 0.075
3 0.23203125 0.35 0.0484375 0.05
3 0.2171875 0.46328125 0.05625 0.053125
3 0.77578125 0.378125 0.046875 0.053125
9 0.30078125 0.35078125 0.04375 0.05
3 0.7109375 0.43359375 0.0484375 0.05
11 0.60234375 0.43828125 0.0546875 0.065625
5 0.29453125 0.5125 0.0625 0.0625
9 0.39453125 0.38515625 0.0375 0.0390625
10 0.49609375 0.3125 0.05 0.1
7 0.64609375 0.2578125 0.0578125 0.1125
6 0.4125 0.57734375 0.05625 0.075
6 0.26640625 0.5921875 0.0703125 0.065625
6 0.20546875 0.39140625 0.06875 0.06875
1 0.51171875 0.48671875 0.0625 0.1078125
4 0.41171875 0.43515625 0.0609375 0.1015625
3 0.7046875 0.478125 0.0484375 0.05
3 0.67734375 0.378125 0.05 0.05625
6 0.66328125 0.32109375 0.05 0.08125
9 0.79609375 0.43203125 0.053125 0.05625