6 0.45390625 0.19921875 0.040625 0.04375
11 0.3625 0.25078125 0.05703125 0.071875
1 0.4625 0.278125 0.0609375 0.12109375
4 0.590625 0.26953125 0.06953125 0.11328125
10 0.60390625 0.3609375 0.07890625 0.1015625
2 0.3046875 0.3125 0.071875 0.07109375
8 0.753125 0.35390625 0.084375 0.07578125
6 0.22421875 0.35859375 0.0765625 0.0796875
9 0.5546875 0.440625 0.04765625 0.053125
3 0.6890625 0.4203125 0.05703125 0.0546875
9 0.40703125 0.45078125 0.05390625 0.05390625
0 0.32578125 0.4078125 0.06796875 0.07734375
3 0.61328125 0.49140625 0.05390625 0.05
9 0.26015625 0.48515625 0.065625 0.05625
11 0.73984375 0.546875 0.0765625 0.06015625
5 0.5640625 0.55703125 0.059375 0.0578125
7 0.42890625 0.54375 0.07109375 0.084375
5 0.30859375 0.5609375 0.0734375 0.0625
8 0.6125 0.67890625 0.0703125 0.05859375