5 0.7203125 0.52734375 0.0953125 0.053125
3 0.63515625 0.47890625 0.053125 0.0375
11 0.378125 0.31328125 0.10625 0.0765625
8 0.35 0.41484375 0.115625 0.0765625
8 0.73359375 0.45546875 0.109375 0.0671875
7 0.45234375 0.4546875 0.16875 0.1
9 0.46328125 0.33203125 0.084375 0.05625
3 0.96171875 0.53359375 0.075 0.0390625
3 0.4453125 0.378125 0.071875 0.053125
0 0.7109375 0.39453125 0.115625 0.065625
1 0.6515625 0.37265625 0.1640625 0.09375
4 0.553125 0.33671875 0.146875 0.096875
10 0.53984375 0.5015625 0.1578125 0.0859375
2 0.640625 0.53515625 0.1140625 0.065625