10 0.92578125 0.4265625 0.1 0.09375
6 0.375 0.26953125 0.040625 0.078125
3 0.58046875 0.36640625 0.040625 0.05
4 0.76640625 0.46640625 0.09921875 0.10078125
9 0.6546875 0.48828125 0.05546875 0.053125
9 0.56328125 0.46328125 0.04609375 0.053125
3 0.4375 0.403125 0.04140625 0.05234375
8 0.484375 0.4140625 0.05 0.0734375
11 0.29375 0.3953125 0.05 0.065625
0 0.3640625 0.4171875 0.046875 0.084375
9 0.43671875 0.465625 0.0421875 0.0546875
3 0.68359375 0.57578125 0.05546875 0.05390625
3 0.58359375 0.54609375 0.046875 0.053125
3 0.38046875 0.5046875 0.0453125 0.05390625
9 0.5546875 0.58984375 0.05390625 0.0578125
0 0.13671875 0.4578125 0.06015625 0.0890625
5 0.2953125 0.54921875 0.05625 0.071875
6 0.38828125 0.58515625 0.06015625 0.08359375
2 0.4828125 0.63671875 0.06484375 0.07734375
7 0.7171875 0.709375 0.11484375 0.11171875