5 0.82421875 0.76796875 0.059375 0.0625
9 0.22578125 0.71875 0.053125 0.053125
2 0.76640625 0.60859375 0.06875 0.0625
10 0.66953125 0.6203125 0.071875 0.09375
9 0.57265625 0.59609375 0.0421875 0.05
6 0.4828125 0.60390625 0.046875 0.071875
9 0.390625 0.5953125 0.04375 0.05
3 0.2828125 0.6046875 0.05 0.0515625
11 0.20703125 0.53046875 0.071875 0.059375
4 0.371875 0.53125 0.071875 0.0828125
1 0.26953125 0.54921875 0.0859375 0.09375
3 0.48828125 0.53671875 0.0453125 0.04375
0 0.56953125 0.54296875 0.0515625 0.065625
1 0.6796875 0.55859375 0.078125 0.09375
5 0.778125 0.53515625 0.06875 0.0578125
3 0.48984375 0.38828125 0.046875 0.04375
2 0.25 0.30859375 0.084375 0.053125
6 0.125 0.31796875 0.09375 0.053125
3 0.71640625 0.3171875 0.059375 0.0421875