3 0.57265625 0.30625 0.0484375 0.053125
9 0.6109375 0.35859375 0.05 0.05
3 0.59453125 0.409375 0.046875 0.046875
3 0.6171875 0.459375 0.0484375 0.04375
9 0.665625 0.528125 0.0515625 0.0390625
0 0.6609375 0.59375 0.075 0.046875
3 0.54375 0.36171875 0.0421875 0.059375
6 0.51171875 0.3046875 0.0734375 0.071875
6 0.53984375 0.42890625 0.0765625 0.065625
11 0.57265625 0.48359375 0.059375 0.059375
3 0.609375 0.5421875 0.0515625 0.0421875
1 0.56484375 0.53125 0.109375 0.078125
2 0.4828125 0.578125 0.071875 0.053125
5 0.60546875 0.6015625 0.0640625 0.05
9 0.63359375 0.65625 0.053125 0.0375
0 0.58125 0.67734375 0.08125 0.0484375
9 0.60390625 0.72421875 0.05625 0.0359375
4 0.56484375 0.75234375 0.1078125 0.0578125
8 0.59453125 0.80859375 0.078125 0.053125
10 0.53359375 0.84296875 0.109375 0.0671875
11 0.56171875 0.89765625 0.0671875 0.0578125
8 0.4953125 0.690625 0.065625 0.059375
5 0.53125 0.62421875 0.0453125 0.0484375
7 0.45390625 0.64921875 0.1125 0.075
3 0.49765625 0.49375 0.053125 0.05
9 0.4796875 0.3734375 0.05 0.05625
9 0.4421875 0.43046875 0.053125 0.05625
3 0.4078125 0.51875 0.0546875 0.05
9 0.38359375 0.60859375 0.05625 0.053125
3 0.3375 0.68671875 0.059375 0.053125
2 0.4078125 0.75 0.075 0.0625
9 0.45625 0.82421875 0.059375 0.0546875