3 0.16640625 0.41875 0.0515625 0.04921875
2 0.29296875 0.41875 0.05625 0.06015625
9 0.48515625 0.39296875 0.03828125 0.04921875
5 0.41875 0.42421875 0.0421875 0.06015625
2 0.46171875 0.46484375 0.0515625 0.0578125
4 0.53125 0.41484375 0.05546875 0.0921875
1 0.671875 0.41640625 0.071875 0.09921875
7 0.8109375 0.490625 0.0953125 0.1
8 0.6703125 0.509375 0.06015625 0.065625
6 0.52890625 0.50078125 0.046875 0.06875
0 0.39609375 0.49296875 0.0484375 0.071875
10 0.378125 0.571875 0.06015625 0.0859375
6 0.4171875 0.73046875 0.05625 0.0625
11 0.74765625 0.6546875 0.06875 0.05625