6 0.7 0.6828125 0.084375 0.053125
9 0.6796875 0.60546875 0.05625 0.0375
6 0.64921875 0.6265625 0.0875 0.053125
11 0.59609375 0.64375 0.06875 0.05625
3 0.65078125 0.70625 0.0578125 0.046875
9 0.6828125 0.51796875 0.05625 0.0390625
3 0.65078125 0.8 0.05625 0.0515625
9 0.60625 0.83125 0.059375 0.0578125
3 0.67265625 0.42578125 0.053125 0.034375
3 0.66328125 0.26640625 0.05625 0.0453125
2 0.625 0.2578125 0.078125 0.0578125
9 0.56328125 0.22265625 0.059375 0.01875
10 0.53984375 0.26015625 0.115625 0.0828125
7 0.65625 0.34375 0.1265625 0.053125
8 0.609375 0.3703125 0.034375 0.053125
2 0.63125 0.44609375 0.06875 0.046875
4 0.54296875 0.37265625 0.109375 0.071875
5 0.5859375 0.4515625 0.06875 0.0421875
0 0.53828125 0.47109375 0.0859375 0.053125
11 0.4546875 0.25546875 0.075 0.071875
8 0.46171875 0.3671875 0.078125 0.0703125
9 0.47109375 0.47265625 0.0609375 0.0484375
3 0.6359375 0.5296875 0.0578125 0.0296875
1 0.62578125 0.55625 0.125 0.065625
5 0.5265625 0.5890625 0.0703125 0.0578125
3 0.53515625 0.66015625 0.0578125 0.0515625
9 0.46484375 0.58828125 0.059375 0.053125
0 0.4890625 0.68046875 0.0890625 0.06875
3 0.6015625 0.75078125 0.05625 0.053125
3 0.5625 0.75234375 0.05625 0.05625
9 0.48359375 0.78984375 0.0609375 0.065625