9 0.153125 0.221875 0.04140625 0.01953125
2 0.08046875 0.35703125 0.05234375 0.04453125
11 0.665625 0.1796875 0.040625 0.01796875
11 0.82734375 0.28125 0.04921875 0.01875
6 0.92421875 0.2765625 0.0703125 0.01796875
3 0.96875 0.2453125 0.0421875 0.01640625
8 0.91328125 0.2625 0.05625 0.01484375
8 0.80078125 0.29296875 0.028125 0.01796875
9 0.05390625 0.625 0.06796875 0.03671875
9 0.0453125 0.6 0.03515625 0.03203125
5 0.0984375 0.59765625 0.07421875 0.0296875
3 0.01015625 0.60546875 0.0203125 0.0421875