11 0.07734375 0.165625 0.0375 0.03125
8 0.284375 0.46171875 0.053125 0.0375
11 0.43828125 0.240625 0.0515625 0.046875
9 0.5234375 0.66875 0.0453125 0.0421875
6 0.44609375 0.64375 0.0640625 0.040625
3 0.68046875 0.5125 0.046875 0.0375
3 0.58828125 0.6703125 0.0453125 0.0390625
1 0.38828125 0.29375 0.0890625 0.0625
5 0.359375 0.4984375 0.05 0.034375
5 0.2953125 0.56796875 0.046875 0.03125
0 0.43359375 0.4296875 0.0640625 0.0375
2 0.60703125 0.390625 0.059375 0.0453125
4 0.5375 0.478125 0.078125 0.05
2 0.403125 0.7859375 0.05625 0.046875
9 0.1109375 0.05234375 0.021875 0.0375
9 0.109375 0.0890625 0.01875 0.025
9 0.1046875 0.18515625 0.0203125 0.034375
9 0.11015625 0.16875 0.0203125 0.034375
9 0.1171875 0.1515625 0.0203125 0.03125
3 0.09921875 0.11875 0.0125 0.0203125
3 0.12890625 0.059375 0.0140625 0.0453125
3 0.1234375 0.10078125 0.01875 0.034375
3 0.13203125 0.13828125 0.0171875 0.040625
3 0.11484375 0.12578125 0.0203125 0.03125