9 0.74453125 0.62109375 0.07109375 0.05625
9 0.76796875 0.42109375 0.05546875 0.05546875
9 0.6421875 0.52734375 0.0515625 0.05625
9 0.49921875 0.57265625 0.05 0.05546875
11 0.67578125 0.328125 0.046875 0.06875
11 0.44921875 0.39296875 0.05078125 0.06640625
9 0.52890625 0.28671875 0.0390625 0.05703125
9 0.3140625 0.28203125 0.0421875 0.0515625
3 0.60078125 0.44609375 0.04453125 0.0546875
3 0.2734375 0.59609375 0.05703125 0.05390625
3 0.159375 0.49921875 0.065625 0.0546875
3 0.315625 0.3734375 0.04375 0.053125
3 0.21171875 0.39609375 0.053125 0.05546875
1 0.26171875 0.15859375 0.06953125 0.115625
2 0.02578125 0.0703125 0.0515625 0.059375
5 0.0453125 0.19609375 0.06328125 0.06328125
6 0.13671875 0.2375 0.06328125 0.0828125
8 0.0203125 0.315625 0.040625 0.059375