4 0.6296875 0.22578125 0.04140625 0.09296875
3 0.61015625 0.2859375 0.03203125 0.04453125
1 0.55078125 0.22109375 0.04140625 0.103125
3 0.55703125 0.284375 0.02421875 0.02421875
11 0.43515625 0.571875 0.05703125 0.06875
6 0.61953125 0.34453125 0.04375 0.0796875
8 0.71640625 0.453125 0.05390625 0.06953125
8 0.63984375 0.403125 0.04765625 0.07265625
10 0.25625 0.42421875 0.078125 0.103125
9 0.81484375 0.52578125 0.05703125 0.0578125
9 0.73359375 0.528125 0.053125 0.05703125
9 0.63671875 0.5140625 0.0421875 0.05390625
9 0.4359375 0.453125 0.040625 0.05546875
9 0.3640625 0.4015625 0.03984375 0.05234375
9 0.11328125 0.50546875 0.059375 0.05234375
9 0.55078125 0.31953125 0.03359375 0.05078125
9 0.47890625 0.246875 0.03203125 0.04609375
0 0.41171875 0.23125 0.0359375 0.075
5 0.75625 0.24453125 0.03828125 0.04765625
5 0.25703125 0.24140625 0.04375 0.05546875
2 0.3375 0.2421875 0.0375 0.059375
3 0.22890625 0.27578125 0.03671875 0.04765625
3 0.33515625 0.2859375 0.03359375 0.0453125
3 0.38984375 0.2828125 0.03125 0.04765625
3 0.46875 0.28046875 0.03203125 0.04609375
3 0.703125 0.27265625 0.02890625 0.02421875
3 0.76484375 0.2828125 0.0421875 0.05078125
7 0.55390625 0.3859375 0.05234375 0.11328125
2 0.703125 0.31328125 0.05 0.0671875
6 0.62421875 0.56953125 0.05390625 0.08125
0 0.45703125 0.34296875 0.04296875 0.08125
11 0.08828125 0.55859375 0.0796875 0.06796875