5 0.33828125 0.18828125 0.053125 0.04375
2 0.37578125 0.19375 0.0578125 0.05
0 0.4125 0.1921875 0.065625 0.05
1 0.46171875 0.17890625 0.0796875 0.071875
4 0.525 0.209375 0.078125 0.078125
0 0.5828125 0.20078125 0.059375 0.0625
2 0.6640625 0.20234375 0.053125 0.075
5 0.725 0.22265625 0.0515625 0.065625
3 0.7015625 0.321875 0.04375 0.053125
3 0.64765625 0.296875 0.04375 0.053125
3 0.57421875 0.31015625 0.04375 0.04375
3 0.52421875 0.2921875 0.04375 0.04375
3 0.46953125 0.29453125 0.04375 0.040625
3 0.42578125 0.2671875 0.04375 0.04375
3 0.36875 0.2734375 0.04375 0.0359375
3 0.33671875 0.2796875 0.04375 0.034375
11 0.296875 0.68046875 0.053125 0.04375
8 0.33671875 0.71015625 0.053125 0.05
6 0.37265625 0.7265625 0.065625 0.0515625
7 0.396875 0.753125 0.0890625 0.071875
10 0.45625 0.784375 0.078125 0.0765625
6 0.5109375 0.80625 0.0578125 0.0671875
8 0.57578125 0.8421875 0.05 0.078125
11 0.640625 0.86328125 0.05 0.06875
9 0.64921875 0.76953125 0.04375 0.053125
9 0.5984375 0.75 0.040625 0.053125
9 0.53515625 0.725 0.04375 0.0453125
9 0.47890625 0.690625 0.04375 0.04375
9 0.42734375 0.6734375 0.04375 0.04375
9 0.390625 0.6546875 0.0421875 0.0421875
9 0.3484375 0.63359375 0.04375 0.040625
9 0.30859375 0.62109375 0.04375 0.040625