3 0.61484375 0.5171875 0.090625 0.04375
3 0.9109375 0.815625 0.025 0.0515625
9 0.8765625 0.9328125 0.01875 0.025
9 0.82890625 0.984375 0.0234375 0.03125
0 0.7671875 0.490625 0.11875 0.0546875
2 0.7359375 0.66484375 0.096875 0.065625
6 0.74296875 0.3328125 0.1234375 0.0484375
1 0.69609375 0.421875 0.203125 0.08125
5 0.6671875 0.2609375 0.1015625 0.0765625
6 0.590625 0.1921875 0.15625 0.1
7 0.60859375 0.37734375 0.23125 0.1
4 0.74140625 0.55234375 0.1609375 0.078125
9 0.6984375 0.5953125 0.025 0.0453125
10 0.58203125 0.57265625 0.215625 0.10625
11 0.678125 0.7265625 0.1 0.065625
3 0.6296875 0.66875 0.0875 0.0703125
9 0.57890625 0.67734375 0.096875 0.078125
8 0.5609375 0.81328125 0.1328125 0.1296875