6 0.85078125 0.27890625 0.0671875 0.10078125
3 0.59375 0.27421875 0.040625 0.0625
8 0.7484375 0.31953125 0.06640625 0.0859375
11 0.42890625 0.30234375 0.0546875 0.07734375
9 0.534375 0.33515625 0.05 0.06953125
5 0.6359375 0.3609375 0.06171875 0.08203125
3 0.2328125 0.325 0.05078125 0.06484375
3 0.31328125 0.32890625 0.05234375 0.0671875
9 0.83671875 0.43125 0.06484375 0.07578125
9 0.27890625 0.38515625 0.04296875 0.06953125
3 0.25078125 0.44453125 0.0609375 0.07265625
0 0.3296875 0.43125 0.07265625 0.11171875
3 0.8015625 0.72265625 0.09453125 0.0859375
6 0.21328125 0.64609375 0.11171875 0.12421875