9 0.7421875 0.25078125 0.05 0.046875
9 0.74296875 0.3109375 0.0484375 0.04375
9 0.7359375 0.384375 0.05 0.0375
9 0.678125 0.55390625 0.05 0.0390625
9 0.62578125 0.628125 0.05 0.0390625
9 0.51875 0.43984375 0.0453125 0.04375
9 0.3703125 0.515625 0.04375 0.0453125
11 0.7828125 0.81015625 0.059375 0.0515625
11 0.7859375 0.54453125 0.059375 0.040625
9 0.74609375 0.83046875 0.021875 0.028125
6 0.79609375 0.39921875 0.075 0.040625
6 0.57109375 0.36328125 0.065625 0.0578125
8 0.6453125 0.35546875 0.06875 0.053125
8 0.696875 0.30078125 0.065625 0.0578125
10 0.58046875 0.83125 0.0875 0.0875
5 0.35546875 0.8453125 0.0515625 0.065625
5 0.39375 0.1078125 0.053125 0.078125
3 0.4421875 0.31953125 0.040625 0.053125
3 0.446875 0.2328125 0.04375 0.059375
2 0.51875 0.25 0.0625 0.0734375
2 0.51484375 0.61484375 0.0625 0.0484375
4 0.69921875 0.803125 0.09375 0.0734375
3 0.640625 0.20859375 0.05 0.0375
1 0.60625 0.25703125 0.090625 0.0875
3 0.440625 0.5265625 0.04375 0.04375
3 0.44140625 0.62734375 0.04375 0.0421875
3 0.44140625 0.70234375 0.04375 0.0484375
3 0.571875 0.72578125 0.04375 0.0453125
3 0.42421875 0.85078125 0.046875 0.059375
0 0.3578125 0.6078125 0.05625 0.053125
0 0.57265625 0.5375 0.065625 0.04375
7 0.66484375 0.4359375 0.1 0.059375