5 0.5546875 0.1953125 0.06875 0.0671875
0 0.35703125 0.51484375 0.0796875 0.0421875
2 0.50859375 0.403125 0.065625 0.0578125
9 0.41796875 0.42578125 0.0515625 0.0390625
9 0.33203125 0.60078125 0.05 0.034375
9 0.36875 0.68125 0.053125 0.040625
9 0.25703125 0.74921875 0.0484375 0.0359375
9 0.47109375 0.7921875 0.053125 0.0515625
9 0.525 0.821875 0.05625 0.0484375
9 0.5765625 0.8296875 0.05625 0.0625
6 0.45 0.50625 0.08125 0.04375
6 0.45625 0.92734375 0.084375 0.0703125
8 0.5125 0.709375 0.0734375 0.0671875
11 0.375 0.8640625 0.0625 0.059375
11 0.25703125 0.81484375 0.0578125 0.0453125
10 0.27734375 0.678125 0.096875 0.053125
7 0.396875 0.6140625 0.1125 0.053125
8 0.4671875 0.61171875 0.071875 0.053125
5 0.25390625 0.315625 0.0515625 0.0375
2 0.290625 0.30859375 0.0640625 0.05
0 0.31875 0.275 0.075 0.046875
9 0.3671875 0.27421875 0.053125 0.0375
1 0.38515625 0.2484375 0.1109375 0.071875
4 0.43984375 0.228125 0.1015625 0.0765625
3 0.25546875 0.37890625 0.046875 0.03125
3 0.303125 0.38203125 0.046875 0.0328125
3 0.3265625 0.36953125 0.04375 0.0328125
3 0.36640625 0.35625 0.05 0.040625
3 0.4203125 0.36875 0.05 0.0375
3 0.45234375 0.3359375 0.053125 0.040625
3 0.51875 0.30625 0.0546875 0.053125
3 0.5640625 0.29140625 0.053125 0.059375