9 0.734375 0.53515625 0.05625 0.04375
0 0.23515625 0.62578125 0.065625 0.075
5 0.2515625 0.37265625 0.0703125 0.0734375
3 0.36015625 0.43828125 0.059375 0.059375
5 0.41640625 0.553125 0.071875 0.0625
3 0.390625 0.2109375 0.0578125 0.0671875
4 0.52421875 0.4796875 0.1046875 0.06875
1 0.5828125 0.59375 0.1125 0.0765625
2 0.6625 0.7109375 0.078125 0.071875
3 0.67421875 0.58125 0.059375 0.04375
3 0.690625 0.521875 0.059375 0.0453125
3 0.740625 0.45234375 0.059375 0.0421875
3 0.69140625 0.42890625 0.0625 0.05
11 0.63046875 0.50546875 0.0765625 0.053125
6 0.4890625 0.6859375 0.08125 0.071875
8 0.390625 0.6765625 0.078125 0.059375
9 0.5109375 0.36171875 0.059375 0.053125
9 0.4484375 0.240625 0.05625 0.0640625
8 0.37265625 0.2953125 0.078125 0.0765625
6 0.70859375 0.34453125 0.0875 0.059375
10 0.61953125 0.284375 0.10625 0.0828125
7 0.73046875 0.2453125 0.121875 0.08125
2 0.5375 0.26953125 0.06875 0.09375