9 0.09140625 0.115625 0.034375 0.025
3 0.30234375 0.34609375 0.04375 0.046875
2 0.38671875 0.39140625 0.05 0.05625
5 0.47578125 0.4421875 0.04375 0.05625
9 0.56328125 0.4421875 0.0390625 0.046875
10 0.57734375 0.48203125 0.0578125 0.0765625
2 0.46640625 0.49296875 0.046875 0.059375
0 0.384375 0.4921875 0.05 0.0625
6 0.4796875 0.55625 0.046875 0.05625
8 0.58828125 0.62734375 0.059375 0.05
7 0.71328125 0.68046875 0.0890625 0.06875
6 0.1921875 0.6859375 0.0703125 0.0484375
11 0.50234375 0.78203125 0.053125 0.04375