11 0.45859375 0.1140625 0.065625 0.0859375
8 0.3953125 0.33984375 0.08125 0.0625
8 0.33359375 0.775 0.0671875 0.06875
9 0.296875 0.671875 0.0578125 0.04375
9 0.3359375 0.57109375 0.04375 0.0453125
10 0.2578125 0.4578125 0.1109375 0.0625
6 0.4625 0.45703125 0.084375 0.0578125
6 0.7171875 0.71328125 0.075 0.084375
3 0.4140625 0.76640625 0.059375 0.05
3 0.29375 0.73984375 0.0625 0.046875
5 0.39375 0.90625 0.0703125 0.0671875
5 0.47109375 0.66796875 0.078125 0.065625
0 0.546875 0.56328125 0.078125 0.0625
2 0.53984375 0.8 0.078125 0.0875
2 0.28046875 0.553125 0.084375 0.059375
1 0.5171875 0.33828125 0.115625 0.090625
4 0.390625 0.55859375 0.109375 0.059375