9 0.5484375 0.259375 0.0453125 0.05
10 0.4890625 0.259375 0.059375 0.0875
4 0.49375 0.3171875 0.0640625 0.08125
8 0.5796875 0.328125 0.0578125 0.0609375
7 0.75703125 0.35625 0.096875 0.08125
0 0.496875 0.3796875 0.05 0.0625
9 0.421875 0.38515625 0.040625 0.04375
9 0.321875 0.39765625 0.04375 0.046875
9 0.22109375 0.45625 0.046875 0.04375
5 0.51484375 0.45625 0.05 0.0546875
9 0.7875 0.496875 0.0578125 0.0375
11 0.61171875 0.5078125 0.0625 0.04375
2 0.5296875 0.51171875 0.0640625 0.0453125
1 0.5453125 0.5828125 0.0703125 0.0625
6 0.81015625 0.5578125 0.084375 0.0453125
3 0.5578125 0.67265625 0.0515625 0.0390625