2 0.9203125 0.1015625 0.0359375 0.0953125
9 0.9171875 0.16796875 0.040625 0.071875
8 0.9546875 0.30390625 0.059375 0.040625
11 0.66640625 0.56015625 0.0890625 0.053125
9 0.64375 0.4296875 0.0734375 0.053125
4 0.63671875 0.5078125 0.15 0.065625
9 0.60078125 0.57890625 0.075 0.0578125
9 0.61328125 0.66953125 0.0484375 0.05
3 0.5484375 0.69296875 0.075 0.05625
3 0.55625 0.59375 0.071875 0.046875
10 0.528125 0.63203125 0.1421875 0.103125
1 0.56171875 0.45703125 0.1625 0.0828125
0 0.609375 0.37734375 0.115625 0.071875
8 0.54140625 0.340625 0.103125 0.084375
7 0.49921875 0.53515625 0.159375 0.0875
6 0.41015625 0.5734375 0.1078125 0.078125
6 0.4859375 0.2515625 0.1140625 0.096875
2 0.446875 0.4078125 0.1078125 0.06875
5 0.384375 0.45078125 0.0953125 0.078125