11 0.8984375 0.33046875 0.06015625 0.06171875
10 0.79140625 0.33671875 0.07265625 0.10390625
11 0.63359375 0.296875 0.04296875 0.06015625
9 0.89609375 0.375 0.053125 0.053125
9 0.61171875 0.38203125 0.040625 0.05546875
6 0.50234375 0.26953125 0.03828125 0.07734375
9 0.4078125 0.303125 0.0359375 0.05
9 0.34921875 0.2953125 0.0296875 0.05
8 0.3765625 0.334375 0.040625 0.06875
8 0.40859375 0.38046875 0.05 0.071875
9 0.4671875 0.3171875 0.02890625 0.04765625
7 0.4890625 0.36953125 0.0484375 0.1140625
9 0.6703125 0.4359375 0.0453125 0.0546875
0 0.5546875 0.46328125 0.0484375 0.08125
3 0.75390625 0.49765625 0.05234375 0.053125
9 0.44140625 0.5 0.0453125 0.0546875
6 0.3875 0.43828125 0.0515625 0.0796875
1 0.3 0.3921875 0.07578125 0.1109375
2 0.25703125 0.4703125 0.07265625 0.07109375
3 0.68828125 0.61953125 0.0546875 0.059375
3 0.60703125 0.60390625 0.05 0.05703125
3 0.50078125 0.5859375 0.05 0.05703125
3 0.29296875 0.54921875 0.0546875 0.05703125
3 0.2046875 0.51640625 0.04375 0.02578125
5 0.06640625 0.5546875 0.078125 0.0703125
4 0.2328125 0.58203125 0.09921875 0.1078125
9 0.4609375 0.65234375 0.05234375 0.05859375
0 0.553125 0.678125 0.05625 0.08515625
2 0.67734375 0.68359375 0.06484375 0.08203125
3 0.85078125 0.665625 0.065625 0.0609375
5 0.81875 0.73515625 0.07734375 0.0765625