3 0.39140625 0.27265625 0.04453125 0.05390625
9 0.4765625 0.26953125 0.04375 0.05390625
6 0.296875 0.33046875 0.06015625 0.071875
3 0.38125 0.3328125 0.05390625 0.0484375
3 0.47734375 0.3203125 0.04140625 0.05078125
3 0.54140625 0.33046875 0.04140625 0.05078125
9 0.6609375 0.3296875 0.04609375 0.05390625
9 0.303125 0.39765625 0.053125 0.0484375
6 0.396875 0.3859375 0.05625 0.07109375
11 0.484375 0.3890625 0.0484375 0.0609375
3 0.57734375 0.39375 0.0421875 0.04921875
0 0.66875 0.38671875 0.0546875 0.0703125
9 0.28359375 0.4625 0.0515625 0.04765625
3 0.38828125 0.4578125 0.04921875 0.04609375
1 0.46640625 0.434375 0.0640625 0.0921875
5 0.5953125 0.4390625 0.05 0.05859375
9 0.68046875 0.45078125 0.046875 0.0484375
9 0.6703125 0.525 0.04921875 0.04375
0 0.5875 0.515625 0.05 0.05625
5 0.48515625 0.52421875 0.05078125 0.05234375
2 0.39921875 0.521875 0.06015625 0.05703125
3 0.28828125 0.5390625 0.05390625 0.04140625
9 0.30234375 0.6078125 0.05859375 0.04296875
7 0.375 0.5953125 0.0796875 0.06953125
8 0.4828125 0.58359375 0.05546875 0.05546875
4 0.59375 0.58046875 0.06875 0.06875
8 0.6921875 0.590625 0.06328125 0.05703125
3 0.284375 0.68125 0.0609375 0.03828125
2 0.38671875 0.6828125 0.071875 0.04296875
9 0.50234375 0.6953125 0.05078125 0.0421875
10 0.59375 0.6625 0.07109375 0.05859375
11 0.696875 0.6765625 0.06328125 0.04375