5 0.19375 0.184375 0.071875 0.0671875
3 0.2453125 0.26484375 0.0625 0.05
3 0.2796875 0.36015625 0.059375 0.046875
4 0.1875 0.5671875 0.109375 0.0625
3 0.26875 0.5671875 0.059375 0.05
0 0.18203125 0.65234375 0.0875 0.0515625
3 0.27109375 0.67265625 0.059375 0.05
2 0.19921875 0.74765625 0.08125 0.05625
3 0.2734375 0.7515625 0.05625 0.053125
5 0.21171875 0.84765625 0.071875 0.0640625
10 0.31796875 0.1546875 0.103125 0.09375
8 0.340625 0.56796875 0.071875 0.0640625
1 0.39765625 0.45 0.10625 0.071875
3 0.4765625 0.3625 0.05625 0.0546875
3 0.415625 0.565625 0.0578125 0.053125
3 0.41015625 0.69296875 0.059375 0.05
9 0.41171875 0.821875 0.059375 0.0609375
9 0.5046875 0.54921875 0.053125 0.05
9 0.4953125 0.80546875 0.053125 0.05625
2 0.56328125 0.1171875 0.06875 0.0796875
0 0.57265625 0.45703125 0.06875 0.0625
8 0.571875 0.9375 0.0625 0.0859375
9 0.64140625 0.92578125 0.053125 0.06875
9 0.64375 0.6828125 0.05 0.0578125
9 0.64375 0.3265625 0.0515625 0.059375
9 0.66171875 0.253125 0.05 0.059375
9 0.6484375 0.0890625 0.05 0.071875
11 0.73515625 0.0765625 0.05625 0.0875
6 0.73359375 0.3078125 0.0640625 0.06875
7 0.73828125 0.409375 0.078125 0.084375
6 0.7375 0.6890625 0.0625 0.071875
11 0.71953125 0.94140625 0.0625 0.084375