3 0.16875 0.44140625 0.0265625 0.03125
3 0.171875 0.53203125 0.03125 0.0296875
3 0.2125 0.46796875 0.04375 0.0296875
9 0.1921875 0.43125 0.028125 0.053125
3 0.17421875 0.4046875 0.0234375 0.046875
3 0.278125 0.45703125 0.046875 0.03125
11 0.27890625 0.5296875 0.05625 0.0375
6 0.26953125 0.734375 0.075 0.0453125
6 0.30546875 0.67109375 0.0734375 0.0421875
9 0.35078125 0.6734375 0.05 0.0375
11 0.346875 0.51796875 0.059375 0.028125
1 0.35625 0.5421875 0.109375 0.0484375
5 0.36328125 0.4296875 0.03125 0.0328125
2 0.3921875 0.4390625 0.025 0.034375
9 0.38671875 0.3625 0.0453125 0.0375
9 0.42890625 0.2734375 0.053125 0.046875
9 0.43515625 0.3734375 0.053125 0.0390625
4 0.43125 0.43984375 0.05625 0.0515625
5 0.428125 0.53125 0.0578125 0.0421875
8 0.46484375 0.53671875 0.071875 0.046875
3 0.38203125 0.61328125 0.040625 0.03125
2 0.42421875 0.6046875 0.06875 0.046875
9 0.38828125 0.69765625 0.053125 0.0390625
0 0.4234375 0.796875 0.0796875 0.0625
3 0.4359375 0.703125 0.046875 0.04375
9 0.48203125 0.6984375 0.0546875 0.05
7 0.4515625 0.63203125 0.10625 0.0625
8 0.47421875 0.35546875 0.0734375 0.053125
10 0.5078125 0.44609375 0.103125 0.0625
3 0.53046875 0.7234375 0.0546875 0.053125
2 0.52890625 0.63046875 0.06875 0.0625
9 0.54453125 0.528125 0.0578125 0.046875