0 0.89140625 0.40703125 0.075 0.06875
0 0.5 0.50390625 0.04375 0.06328125
3 0.86484375 0.24375 0.05 0.0515625
3 0.88828125 0.1546875 0.05859375 0.03828125
3 0.9859375 0.1984375 0.02734375 0.046875
9 0.95390625 0.2328125 0.05390625 0.04921875
3 0.74375 0.33359375 0.04453125 0.05
11 0.665625 0.2984375 0.04375 0.059375
6 0.49375 0.19921875 0.0390625 0.07578125
6 0.48984375 0.26875 0.03984375 0.07265625
9 0.43984375 0.31328125 0.0375 0.04921875
9 0.3703125 0.34375 0.0390625 0.05
9 0.24375 0.434375 0.04140625 0.05
3 0.31015625 0.38828125 0.046875 0.046875
3 0.1734375 0.46796875 0.05703125 0.04765625
3 0.43359375 0.3828125 0.0390625 0.0484375
11 0.5546875 0.38125 0.0453125 0.06015625
1 0.48828125 0.39296875 0.04921875 0.10078125
2 0.37265625 0.42578125 0.0546875 0.05703125
2 0.225 0.51015625 0.06640625 0.065625
7 0.28515625 0.4484375 0.07734375 0.09375
8 0.36796875 0.49609375 0.0546875 0.06484375
9 0.27890625 0.5734375 0.0546875 0.04921875
9 0.634375 0.51328125 0.0484375 0.04765625
9 0.55 0.55546875 0.04921875 0.0453125
9 0.64375 0.60703125 0.05078125 0.0453125
5 0.584375 0.46328125 0.04765625 0.059375
5 0.42734375 0.4640625 0.053125 0.05703125
4 0.43125 0.54140625 0.059375 0.0765625
8 0.4921875 0.60703125 0.05625 0.0546875
10 0.34921875 0.58984375 0.075 0.0765625