3 0.60390625 0.4859375 0.0515625 0.0625
2 0.265625 0.5375 0.1078125 0.0703125
0 0.39609375 0.7734375 0.0859375 0.065625
5 0.1953125 0.64453125 0.10625 0.06875
3 0.35234375 0.584375 0.08125 0.059375
1 0.471875 0.6484375 0.1125 0.09375
4 0.59765625 0.575 0.0734375 0.1046875
9 0.6625 0.53984375 0.0546875 0.071875
9 0.50859375 0.53203125 0.0640625 0.059375
11 0.71484375 0.465625 0.078125 0.0765625
8 0.2625 0.7453125 0.125 0.0703125
8 0.59453125 0.37265625 0.0671875 0.0875
10 0.3921875 0.42890625 0.1 0.1125
7 0.5015625 0.3796875 0.08125 0.1359375