3 0.44140625 0.30859375 0.03359375 0.03515625
5 0.74765625 0.27421875 0.05234375 0.06171875
3 0.68671875 0.30546875 0.0421875 0.05625
3 0.61328125 0.32578125 0.04296875 0.05390625
0 0.378125 0.265625 0.04140625 0.0828125
3 0.29453125 0.32578125 0.04296875 0.05390625
10 0.79609375 0.33125 0.059375 0.11015625
1 0.54765625 0.38046875 0.06484375 0.1265625
3 0.3609375 0.32421875 0.040625 0.0546875
5 0.22578125 0.28984375 0.0515625 0.0625
8 0.44375 0.35625 0.046875 0.07109375
3 0.33671875 0.40234375 0.04609375 0.05703125
2 0.159375 0.36328125 0.06015625 0.06875
9 0.22265625 0.4078125 0.05078125 0.0578125
4 0.734375 0.38359375 0.078125 0.11640625
3 0.62578125 0.44921875 0.0515625 0.06015625
2 0.86484375 0.50703125 0.08359375 0.0859375
0 0.54609375 0.51171875 0.05859375 0.0890625
9 0.4578125 0.47109375 0.04140625 0.05703125
9 0.2296875 0.4734375 0.046875 0.05546875
6 0.32421875 0.5078125 0.06640625 0.090625
9 0.88203125 0.58125 0.08125 0.06484375
9 0.7921875 0.58984375 0.06875 0.06640625
9 0.67109375 0.578125 0.06171875 0.065625
9 0.553125 0.5828125 0.0453125 0.05625
9 0.41328125 0.5890625 0.05859375 0.0640625
8 0.17421875 0.66328125 0.084375 0.08984375
11 0.0625 0.675 0.0984375 0.08046875
11 0.95546875 0.66796875 0.0890625 0.07734375
7 0.5671875 0.64140625 0.08359375 0.13671875
6 0.7015625 0.65625 0.08203125 0.0953125
3 0.44453125 0.4078125 0.04609375 0.05703125