11 0.81015625 0.3015625 0.05234375 0.0625
11 0.55078125 0.2984375 0.0421875 0.0640625
6 0.4109375 0.2859375 0.0390625 0.08125
9 0.39453125 0.33515625 0.0375 0.053125
9 0.32109375 0.32890625 0.0421875 0.0515625
9 0.26015625 0.328125 0.04453125 0.053125
8 0.3078125 0.36171875 0.0546875 0.0734375
7 0.446875 0.37890625 0.05703125 0.121875
9 0.565625 0.37890625 0.04296875 0.05703125
9 0.64453125 0.42109375 0.04296875 0.05703125
1 0.81875 0.35546875 0.0734375 0.11328125
3 0.75390625 0.46796875 0.05390625 0.05625
10 0.86796875 0.45078125 0.09296875 0.11640625
0 0.55 0.4609375 0.05078125 0.08828125
9 0.4453125 0.515625 0.05 0.059375
8 0.3609375 0.4015625 0.0546875 0.0765625
3 0.2046875 0.40625 0.03671875 0.05546875
1 0.25390625 0.425 0.08515625 0.12265625
2 0.2328125 0.51328125 0.07890625 0.0796875
3 0.3046875 0.5890625 0.0578125 0.06328125
3 0.2046875 0.5859375 0.06484375 0.0609375
2 0.6390625 0.51796875 0.05390625 0.07890625
3 0.7453125 0.590625 0.0609375 0.06484375
3 0.65625 0.590625 0.053125 0.0625
3 0.54453125 0.590625 0.053125 0.06328125