9 0.1515625 0.78828125 0.03125 0.05
3 0.36953125 0.67265625 0.040625 0.0375
2 0.4109375 0.60078125 0.05 0.040625
9 0.45390625 0.44609375 0.03125 0.034375
5 0.45625 0.52421875 0.05 0.0390625
4 0.49453125 0.453125 0.06875 0.05
2 0.50078125 0.53359375 0.053125 0.040625
0 0.4984375 0.60703125 0.05625 0.04375
1 0.55234375 0.35390625 0.06875 0.0640625
6 0.55625 0.52578125 0.05 0.040625
10 0.546875 0.690625 0.065625 0.0625
8 0.62109375 0.43359375 0.0453125 0.0515625
7 0.66796875 0.3265625 0.065625 0.071875
6 0.66171875 0.78125 0.046875 0.059375
11 0.75234375 0.515625 0.04375 0.0484375