9 0.371875 0.6453125 0.059375 0.028125
7 0.32734375 0.3890625 0.121875 0.053125
6 0.4171875 0.13203125 0.09375 0.0640625
9 0.40390625 0.22109375 0.0578125 0.0515625
10 0.38046875 0.6828125 0.1140625 0.06875
4 0.41015625 0.6171875 0.115625 0.0703125
8 0.39375 0.54609375 0.071875 0.046875
0 0.44921875 0.5453125 0.09375 0.0515625
5 0.49296875 0.45703125 0.0765625 0.046875
11 0.48046875 0.321875 0.075 0.059375
2 0.5203125 0.375 0.084375 0.053125
1 0.54453125 0.25859375 0.140625 0.084375
3 0.62421875 0.1359375 0.071875 0.071875
9 0.49765625 0.609375 0.0640625 0.046875
9 0.559375 0.68828125 0.0671875 0.059375
9 0.6640625 0.71953125 0.06875 0.065625