3 0.64296875 0.33671875 0.04453125 0.053125
3 0.4890625 0.36328125 0.0421875 0.05625
8 0.5296875 0.3765625 0.05234375 0.075
9 0.59921875 0.42734375 0.0484375 0.05703125
9 0.684375 0.45703125 0.05625 0.0546875
0 0.4109375 0.3703125 0.04921875 0.0859375
7 0.328125 0.38359375 0.06015625 0.1234375
4 0.25859375 0.41953125 0.0640625 0.11484375
5 0.315625 0.484375 0.05703125 0.07265625
9 0.471875 0.4203125 0.0453125 0.05546875
0 0.534375 0.44296875 0.05625 0.084375
3 0.5984375 0.50546875 0.046875 0.05390625
3 0.69140625 0.540625 0.06015625 0.05625
9 0.55625 0.54296875 0.05390625 0.06015625
3 0.4078125 0.4515625 0.04765625 0.05703125
11 0.45234375 0.4921875 0.05546875 0.0703125
2 0.47421875 0.57890625 0.06484375 0.0765625
6 0.3921875 0.521875 0.05703125 0.0859375