10 0.49140625 0.69296875 0.0375 0.0875
8 0.4 0.64375 0.034375 0.059375
6 0.93828125 0.5375 0.0625 0.090625
3 0.678125 0.5890625 0.0359375 0.053125
4 0.4578125 0.640625 0.04375 0.0953125
7 0.16328125 0.5796875 0.075 0.1171875
11 0.6921875 0.45390625 0.053125 0.075
3 0.64296875 0.521875 0.04375 0.05625
9 0.465625 0.58515625 0.034375 0.05
9 0.5140625 0.559375 0.0375 0.0515625
3 0.34921875 0.575 0.0390625 0.053125
3 0.3890625 0.5484375 0.0328125 0.05
9 0.53203125 0.50703125 0.0421875 0.05625
9 0.3359375 0.52734375 0.040625 0.05625
8 0.40234375 0.50859375 0.053125 0.075
2 0.259375 0.4984375 0.065625 0.0734375
5 0.40625 0.42890625 0.05 0.075
3 0.5703125 0.4390625 0.046875 0.0625
0 0.5828125 0.3609375 0.0609375 0.109375
0 0.69921875 0.33046875 0.0671875 0.1125
6 0.33359375 0.47734375 0.05625 0.09375
9 0.0171875 0.6953125 0.034375 0.028125