5 0.52265625 0.72265625 0.034375 0.053125
3 0.57265625 0.7 0.034375 0.04375
3 0.509375 0.66015625 0.0328125 0.0453125
2 0.471875 0.696875 0.034375 0.059375
0 0.40546875 0.6859375 0.0359375 0.06875
3 0.4671875 0.64375 0.034375 0.0453125
9 0.35859375 0.64921875 0.0359375 0.046875
3 0.40546875 0.61953125 0.0359375 0.046875
1 0.29140625 0.64375 0.059375 0.0953125
3 0.35078125 0.57578125 0.0375 0.046875
3 0.290625 0.56328125 0.040625 0.0453125
4 0.22109375 0.6125 0.06875 0.090625
5 0.1015625 0.54453125 0.0609375 0.059375
3 0.20078125 0.53046875 0.0453125 0.046875
3 0.13125 0.5046875 0.0578125 0.0484375
2 0.25 0.496875 0.0640625 0.059375
9 0.38515625 0.553125 0.0375 0.046875
6 0.375 0.50078125 0.0484375 0.06875
0 0.50234375 0.5640625 0.040625 0.071875
9 0.61875 0.54609375 0.040625 0.04375
9 0.62265625 0.4765625 0.04375 0.0484375
7 0.49453125 0.48515625 0.053125 0.09375
8 0.42578125 0.4359375 0.05 0.0609375
8 0.425 0.35703125 0.05 0.05625
10 0.73671875 0.55546875 0.071875 0.0859375
9 0.86796875 0.5375 0.053125 0.0484375
11 0.93046875 0.50390625 0.06875 0.05625
11 0.75546875 0.37578125 0.0640625 0.059375
9 0.5484375 0.340625 0.046875 0.05
6 0.63359375 0.296875 0.059375 0.0640625
9 0.490625 0.28515625 0.05 0.05
9 0.4265625 0.246875 0.05 0.0515625