5 0.7875 0.29296875 0.04765625 0.059375
4 0.6421875 0.27265625 0.05078125 0.09765625
3 0.70625 0.32890625 0.0390625 0.05
3 0.634375 0.328125 0.0359375 0.0484375
9 0.48046875 0.2921875 0.03671875 0.05078125
0 0.41484375 0.27578125 0.03984375 0.075
2 0.3390625 0.290625 0.04609375 0.06484375
5 0.25703125 0.2875 0.04609375 0.05703125
3 0.4703125 0.328125 0.03828125 0.05078125
3 0.39296875 0.33203125 0.03984375 0.05
3 0.334375 0.3328125 0.0421875 0.05
3 0.23125 0.32421875 0.04375 0.05
9 0.5453125 0.37421875 0.03828125 0.0515625
6 0.61796875 0.3921875 0.0453125 0.08046875
0 0.45703125 0.39296875 0.04609375 0.0796875
3 0.2953125 0.4171875 0.04609375 0.05234375
9 0.3609375 0.45859375 0.0453125 0.0515625
2 0.70859375 0.36015625 0.05078125 0.06953125
1 0.7234375 0.3953125 0.06796875 0.11328125
3 0.80859375 0.4703125 0.0453125 0.0515625
8 0.6421875 0.4609375 0.0515625 0.07265625
7 0.5546875 0.44765625 0.05234375 0.109375
10 0.225 0.553125 0.09765625 0.0984375
9 0.109375 0.571875 0.06640625 0.05546875
9 0.43046875 0.51015625 0.0453125 0.05625
8 0.7203125 0.51640625 0.05703125 0.07109375
9 0.8234375 0.59609375 0.0609375 0.0578125
9 0.73984375 0.59609375 0.05546875 0.0578125
9 0.6390625 0.584375 0.0453125 0.05625
6 0.63125 0.65 0.05703125 0.0796875
11 0.43046875 0.6421875 0.06015625 0.06640625
11 0.08125 0.6359375 0.0859375 0.06640625