7 0.34453125 0.53828125 0.075 0.034375
0 0.39765625 0.62734375 0.05625 0.034375
10 0.41875 0.68828125 0.06875 0.0515625
4 0.53984375 0.72421875 0.0703125 0.059375
1 0.4734375 0.50234375 0.078125 0.040625
6 0.36015625 0.44140625 0.05625 0.03125
8 0.4140625 0.35546875 0.0484375 0.040625
6 0.4765625 0.34765625 0.053125 0.040625
2 0.46796875 0.26171875 0.05 0.04375
3 0.53671875 0.26484375 0.0375 0.0375
5 0.5890625 0.34921875 0.046875 0.04375
5 0.67421875 0.47109375 0.046875 0.040625
2 0.659375 0.58125 0.0515625 0.040625
3 0.71015625 0.6390625 0.040625 0.0421875