3 0.58671875 0.1625 0.046875 0.02109375
9 0.93984375 0.27109375 0.0484375 0.03984375
9 0.471875 0.18359375 0.053125 0.01875
9 0.47421875 0.2 0.025 0.01953125
9 0.51328125 0.21796875 0.025 0.0171875
9 0.3640625 0.34921875 0.0390625 0.05703125
8 0.44375 0.3203125 0.03984375 0.0703125
8 0.43046875 0.384375 0.04140625 0.0703125
3 0.5078125 0.31953125 0.0328125 0.05234375
3 0.49765625 0.3671875 0.0390625 0.0484375
9 0.540625 0.34296875 0.03515625 0.05078125
5 0.47109375 0.41875 0.04765625 0.06953125
7 0.52890625 0.4296875 0.06640625 0.11796875
2 0.6203125 0.353125 0.04765625 0.025
4 0.59765625 0.41328125 0.06796875 0.109375
11 0.58203125 0.5078125 0.0546875 0.071875
10 0.68125 0.38671875 0.0703125 0.10390625
6 0.65703125 0.47109375 0.06484375 0.0890625
1 0.7421875 0.4203125 0.08203125 0.11953125
6 0.80078125 0.48046875 0.06796875 0.08828125
3 0.73671875 0.525 0.0640625 0.06015625
3 0.59375 0.58515625 0.0515625 0.0625
3 0.665625 0.57109375 0.0546875 0.0609375
3 0.8140625 0.584375 0.065625 0.0625
9 0.7390625 0.621875 0.06640625 0.06484375
0 0.3984375 0.18125 0.0734375 0.02890625
0 0.5859375 0.19140625 0.05859375 0.04609375
3 0.47578125 0.16484375 0.04375 0.0234375
3 0.37421875 0.240625 0.03828125 0.0328125