0 0.3359375 0.82578125 0.03125 0.0359375
4 0.45234375 0.765625 0.078125 0.05625
5 0.4921875 0.73515625 0.0453125 0.040625
3 0.1125 0.76640625 0.0546875 0.021875
3 0.53046875 0.66953125 0.0484375 0.034375
1 0.3359375 0.6625 0.1375 0.0375
3 0.18515625 0.64765625 0.05 0.0390625
2 0.0734375 0.709375 0.04375 0.028125
2 0.0890625 0.66796875 0.046875 0.0484375
3 0.0390625 0.66796875 0.0484375 0.0390625
11 0.246875 0.590625 0.05 0.0578125
6 0.334375 0.5984375 0.046875 0.071875
9 0.41171875 0.5890625 0.0375 0.046875
10 0.48359375 0.6109375 0.046875 0.09375
7 0.57109375 0.60625 0.05 0.1015625
8 0.6515625 0.59296875 0.046875 0.065625
9 0.7625 0.4890625 0.053125 0.0515625
9 0.57578125 0.39296875 0.0453125 0.053125
9 0.571875 0.30703125 0.0515625 0.05625
3 0.4859375 0.215625 0.053125 0.05625