3 0.6578125 0.18828125 0.071875 0.071875
2 0.6 0.34375 0.090625 0.075
10 0.33359375 0.7421875 0.1 0.0625
8 0.4015625 0.65546875 0.071875 0.0453125
4 0.4125 0.746875 0.1125 0.0625
9 0.48515625 0.775 0.0609375 0.04375
3 0.50390625 0.63515625 0.0625 0.0453125
3 0.5453125 0.7109375 0.0625 0.0515625
9 0.52421875 0.8640625 0.065625 0.0609375
9 0.60859375 0.93359375 0.0671875 0.065625
8 0.6140625 0.77734375 0.09375 0.075
9 0.75234375 0.64765625 0.084375 0.0609375
7 0.51484375 0.4390625 0.1328125 0.075
2 0.59375 0.51015625 0.09375 0.05625
5 0.628125 0.61328125 0.0875 0.059375
5 0.64921875 0.428125 0.0859375 0.065625
6 0.67890625 0.50390625 0.1109375 0.06875
9 0.334375 0.1484375 0.034375 0.053125