6 0.29140625 0.5328125 0.0703125 0.0359375
0 0.38828125 0.82265625 0.078125 0.053125
11 0.36875 0.6703125 0.059375 0.040625
0 0.384375 0.63359375 0.0765625 0.0390625
3 0.3875 0.55703125 0.05 0.03125
3 0.375 0.40234375 0.0484375 0.034375
8 0.39765625 0.5296875 0.065625 0.040625
9 0.42578125 0.5953125 0.05 0.040625
3 0.44453125 0.6640625 0.05 0.0421875
5 0.4609375 0.76484375 0.065625 0.046875
9 0.43984375 0.4859375 0.053125 0.0390625
6 0.48984375 0.72109375 0.084375 0.040625
2 0.540625 0.67578125 0.071875 0.059375
9 0.46875 0.41953125 0.053125 0.04375
3 0.4984375 0.5234375 0.053125 0.0421875
9 0.52265625 0.58046875 0.0578125 0.040625
3 0.53203125 0.45390625 0.05625 0.046875
4 0.45703125 0.3140625 0.10625 0.06875
7 0.6109375 0.5453125 0.1328125 0.0625
10 0.44921875 0.10078125 0.10625 0.08125