9 0.9875 0.209375 0.025 0.03828125
9 0.97265625 0.253125 0.040625 0.04140625
9 0.93046875 0.2171875 0.03828125 0.03984375
3 0.85859375 0.215625 0.03671875 0.0390625
9 0.834375 0.17734375 0.03359375 0.03828125
9 0.74453125 0.17890625 0.03828125 0.04453125
11 0.81015625 0.2390625 0.04296875 0.040625
3 0.77890625 0.278125 0.03828125 0.04296875
3 0.8046875 0.3125 0.040625 0.04296875
3 0.91953125 0.33515625 0.046875 0.04296875
9 0.68125 0.20859375 0.0328125 0.03984375
9 0.659375 0.2703125 0.03515625 0.04375
6 0.60546875 0.3109375 0.040625 0.06953125
1 0.51953125 0.24453125 0.0421875 0.09453125
8 0.7015625 0.371875 0.0546875 0.0609375
2 0.8109375 0.434375 0.06015625 0.06328125
3 0.80625 0.509375 0.053125 0.04765625
6 0.68984375 0.48984375 0.05703125 0.07265625
5 0.7 0.56015625 0.059375 0.0625
3 0.6 0.521875 0.04453125 0.0484375
0 0.63515625 0.61796875 0.0578125 0.07265625
5 0.490625 0.35703125 0.03828125 0.05546875
0 0.528125 0.4359375 0.04375 0.07265625
2 0.18046875 0.35859375 0.04765625 0.0609375
9 0.2390625 0.48984375 0.04921875 0.0515625
4 0.4109375 0.53515625 0.0546875 0.09296875
8 0.50234375 0.68984375 0.053125 0.071875