8 0.54609375 0.31640625 0.04375 0.0671875
7 0.59921875 0.32109375 0.0546875 0.115625
10 0.67734375 0.35234375 0.06875 0.10625
9 0.72890625 0.4078125 0.0484375 0.0546875
6 0.79921875 0.428125 0.0640625 0.0859375
11 0.884375 0.4796875 0.071875 0.071875
9 0.3703125 0.31484375 0.01875 0.0140625
4 0.36015625 0.36328125 0.053125 0.103125
0 0.41328125 0.4078125 0.046875 0.0890625
5 0.48125 0.45625 0.05 0.071875
2 0.5375 0.48828125 0.0546875 0.0796875
1 0.60234375 0.51328125 0.071875 0.134375
3 0.7078125 0.6 0.0609375 0.06875
9 0.34609375 0.4421875 0.04375 0.059375
9 0.25703125 0.4828125 0.053125 0.0640625
9 0.1953125 0.56171875 0.0625 0.0640625