9 0.425 0.240625 0.046875 0.02734375
6 0.1828125 0.37109375 0.0734375 0.12578125
6 0.4375 0.3046875 0.04765625 0.10234375
0 0.596875 0.30625 0.01328125 0.1046875
4 0.5734375 0.3 0.059375 0.096875
2 0.709375 0.32890625 0.0390625 0.04765625
11 0.6765625 0.396875 0.06953125 0.09375
5 0.31875 0.34375 0.0546875 0.08203125
7 0.27265625 0.375 0.09375 0.1921875
1 0.40234375 0.33359375 0.06328125 0.17265625
10 0.37890625 0.41640625 0.0875 0.19140625
3 0.45078125 0.409375 0.05625 0.08125
9 0.55859375 0.3828125 0.05078125 0.06796875
3 0.58046875 0.4015625 0.04765625 0.0421875
9 0.51796875 0.45390625 0.05859375 0.08984375
8 0.5859375 0.48359375 0.09140625 0.12734375