11 0.4875 0.19453125 0.0375 0.053125
9 0.540625 0.225 0.0359375 0.0453125
10 0.4796875 0.25234375 0.0421875 0.08359375
11 0.321875 0.3046875 0.04609375 0.053125
9 0.54375 0.36640625 0.03515625 0.04296875
3 0.63515625 0.36015625 0.0375 0.04296875
9 0.446875 0.36796875 0.0375 0.04375
3 0.84296875 0.38984375 0.0484375 0.04375
5 0.89921875 0.428125 0.06171875 0.04765625
3 0.76015625 0.43984375 0.04765625 0.03984375
2 0.834375 0.4703125 0.06875 0.0453125
3 0.7234375 0.4734375 0.04375 0.0390625
0 0.80234375 0.52265625 0.06640625 0.05
3 0.675 0.51875 0.0453125 0.03984375
9 0.73984375 0.56015625 0.04921875 0.03671875
0 0.55703125 0.43828125 0.0453125 0.0546875
7 0.4125 0.43046875 0.0546875 0.07578125
9 0.26484375 0.4140625 0.04453125 0.04140625
6 0.21015625 0.36484375 0.06015625 0.059375
8 0.365625 0.4828125 0.05 0.0546875
9 0.54765625 0.51796875 0.03828125 0.0375
6 0.45625 0.52421875 0.04140625 0.0484375
8 0.26484375 0.478125 0.05625 0.05234375
9 0.2 0.4453125 0.046875 0.040625
9 0.153125 0.478125 0.053125 0.040625
3 0.259375 0.56328125 0.04140625 0.03984375
1 0.36484375 0.55625 0.0609375 0.06328125
2 0.446875 0.6109375 0.04296875 0.04921875
3 0.56171875 0.6203125 0.0390625 0.03515625
3 0.5078125 0.6640625 0.0421875 0.03359375
4 0.61953125 0.6578125 0.06328125 0.05390625
5 0.496875 0.76328125 0.05 0.03828125