5 0.3171875 0.2453125 0.05625 0.05
3 0.346875 0.3046875 0.046875 0.040625
4 0.30234375 0.371875 0.0921875 0.05625
3 0.36484375 0.37578125 0.046875 0.0390625
2 0.39609375 0.29375 0.0671875 0.0484375
3 0.359375 0.4484375 0.046875 0.034375
3 0.35234375 0.53046875 0.0484375 0.0359375
0 0.296875 0.58828125 0.071875 0.0375
3 0.353125 0.6078125 0.0484375 0.0359375
3 0.353125 0.66640625 0.0484375 0.0390625
5 0.31328125 0.7296875 0.05625 0.04375
3 0.44375 0.5328125 0.0515625 0.040625
3 0.39609375 0.70390625 0.05 0.04375
2 0.38671875 0.78828125 0.0640625 0.0578125
8 0.4953125 0.2734375 0.065625 0.05625
8 0.4765625 0.72890625 0.065625 0.0625
6 0.5390625 0.6546875 0.071875 0.05625
11 0.55 0.36328125 0.059375 0.053125
0 0.55390625 0.45546875 0.075 0.0515625
9 0.62890625 0.1671875 0.0546875 0.065625
9 0.63359375 0.24921875 0.053125 0.0578125
9 0.6171875 0.35234375 0.053125 0.046875
9 0.61953125 0.4546875 0.046875 0.046875
9 0.615625 0.57734375 0.05 0.0484375
9 0.60078125 0.6578125 0.05 0.05
9 0.60859375 0.753125 0.05 0.0546875
9 0.60703125 0.878125 0.0515625 0.0625
1 0.65546875 0.775 0.103125 0.090625
10 0.6859375 0.5703125 0.090625 0.0671875
7 0.6796875 0.465625 0.1 0.065625
6 0.69296875 0.34140625 0.0703125 0.0625
11 0.71328125 0.109375 0.059375 0.0875