3 0.19453125 0.30703125 0.0421875 0.04375
9 0.546875 0.15625 0.04375 0.053125
9 0.70390625 0.209375 0.046875 0.0546875
9 0.46484375 0.21171875 0.0390625 0.0546875
9 0.22578125 0.19375 0.053125 0.053125
8 0.2859375 0.246875 0.059375 0.06875
7 0.4328125 0.29140625 0.059375 0.096875
8 0.346875 0.30703125 0.05625 0.06875
1 0.2515625 0.35546875 0.090625 0.084375
0 0.5375 0.38984375 0.0484375 0.0625
9 0.4421875 0.44921875 0.04375 0.04375
5 0.1328125 0.42890625 0.075 0.0515625
6 0.78828125 0.38984375 0.0734375 0.0625
3 0.33046875 0.5234375 0.05 0.0375
3 0.24140625 0.5171875 0.059375 0.0390625
11 0.3421875 0.5921875 0.065625 0.046875
3 0.828125 0.61015625 0.059375 0.0375