10 0.5734375 0.92578125 0.09375 0.1
6 0.73046875 0.375 0.078125 0.040625
3 0.63359375 0.58046875 0.05 0.040625
4 0.53359375 0.76640625 0.1 0.1
9 0.51171875 0.6546875 0.053125 0.05625
9 0.53671875 0.56328125 0.053125 0.046875
3 0.596875 0.4375 0.053125 0.040625
8 0.5859375 0.484375 0.0734375 0.05
11 0.6046875 0.29375 0.065625 0.05
0 0.5828125 0.3640625 0.084375 0.046875
9 0.534375 0.43671875 0.0546875 0.0421875
3 0.42421875 0.68359375 0.053125 0.05625
3 0.45390625 0.58359375 0.053125 0.046875
3 0.4953125 0.38046875 0.053125 0.0453125
9 0.41015625 0.5546875 0.0578125 0.053125
0 0.5421875 0.13671875 0.0890625 0.059375
5 0.45078125 0.2953125 0.071875 0.05625
6 0.41484375 0.38828125 0.084375 0.059375
2 0.36328125 0.4828125 0.078125 0.065625
7 0.290625 0.7171875 0.1125 0.115625