3 0.5453125 0.7390625 0.0375 0.053125
8 0.54921875 0.6859375 0.05625 0.0734375
9 0.35390625 0.28125 0.06875 0.065625
9 0.725 0.42734375 0.0625 0.0625
9 0.73984375 0.6328125 0.0546875 0.0578125
9 0.290625 0.6828125 0.046875 0.0578125
6 0.36015625 0.625 0.05625 0.0875
6 0.603125 0.41484375 0.065625 0.0875
11 0.7171875 0.5640625 0.065625 0.06875
10 0.59375 0.6703125 0.0671875 0.1125
7 0.45859375 0.72109375 0.0546875 0.121875
3 0.26796875 0.41484375 0.05625 0.0625
0 0.4765625 0.63125 0.0515625 0.0875
0 0.371875 0.5421875 0.05625 0.090625
2 0.54453125 0.52578125 0.053125 0.08125
2 0.721875 0.50234375 0.075 0.078125
5 0.6234375 0.5875 0.0578125 0.06875
5 0.45546875 0.4484375 0.059375 0.075