5 0.34609375 0.1640625 0.05625 0.0515625
0 0.31484375 0.325 0.06875 0.04375
9 0.67734375 0.221875 0.04375 0.059375
11 0.75546875 0.22109375 0.0515625 0.0671875
6 0.7171875 0.43984375 0.05625 0.05625
2 0.3265625 0.23203125 0.059375 0.05
4 0.30703125 0.384375 0.0875 0.0515625
1 0.28125 0.4546875 0.0953125 0.040625
0 0.2859375 0.54609375 0.065625 0.0375
2 0.284375 0.61171875 0.05625 0.0453125
5 0.27734375 0.6734375 0.053125 0.04375
3 0.328125 0.6984375 0.04375 0.0375
3 0.328125 0.64375 0.04375 0.0390625
3 0.33359375 0.5484375 0.046875 0.034375
3 0.35390625 0.484375 0.04375 0.034375
3 0.36015625 0.4078125 0.04375 0.034375
3 0.37578125 0.34296875 0.04375 0.0375
3 0.3765625 0.25 0.0453125 0.0421875
3 0.3953125 0.1875 0.0453125 0.04375
11 0.62578125 0.89609375 0.053125 0.075
8 0.6453125 0.80390625 0.05625 0.0671875
6 0.66015625 0.7140625 0.05625 0.0671875
7 0.66875 0.6421875 0.0734375 0.078125
10 0.690625 0.52890625 0.06875 0.059375
8 0.7390625 0.33203125 0.0609375 0.05625
9 0.57265625 0.85078125 0.04375 0.05625
9 0.5828125 0.7640625 0.04375 0.053125
9 0.59921875 0.6734375 0.04375 0.05
9 0.61171875 0.5984375 0.0453125 0.0453125
9 0.625 0.50546875 0.04375 0.04375
9 0.65 0.40859375 0.04375 0.046875
9 0.66640625 0.30234375 0.04375 0.05