3 0.29609375 0.34921875 0.040625 0.046875
3 0.45234375 0.34609375 0.03671875 0.0453125
3 0.80703125 0.3953125 0.05234375 0.04453125
3 0.715625 0.39140625 0.05078125 0.05078125
9 0.5421875 0.33828125 0.0390625 0.0484375
9 0.62578125 0.34609375 0.04296875 0.0453125
6 0.70703125 0.33203125 0.05625 0.06796875
9 0.821875 0.453125 0.0546875 0.04609375
6 0.6359375 0.3953125 0.053125 0.06328125
7 0.3703125 0.378125 0.06171875 0.09375
2 0.284375 0.39921875 0.05234375 0.0625
2 0.4609375 0.403125 0.04609375 0.05390625
3 0.5484375 0.39765625 0.03828125 0.0453125
9 0.26640625 0.46640625 0.0515625 0.0421875
8 0.38359375 0.45234375 0.05 0.05703125
5 0.46171875 0.45625 0.04609375 0.0515625
1 0.55859375 0.4328125 0.0625 0.08046875
3 0.7421875 0.45390625 0.05 0.04375
11 0.63828125 0.45625 0.0546875 0.053125
3 0.7328125 0.49921875 0.04765625 0.040625
3 0.6390625 0.5234375 0.04375 0.03984375
5 0.571875 0.53203125 0.04921875 0.04765625
0 0.4671875 0.52109375 0.04765625 0.0515625
4 0.37890625 0.51484375 0.06640625 0.0671875
10 0.28125 0.5109375 0.07421875 0.0703125
9 0.74375 0.58671875 0.05703125 0.03828125
0 0.64296875 0.5859375 0.0609375 0.0515625
9 0.56015625 0.59453125 0.04765625 0.03828125
9 0.459375 0.58125 0.0421875 0.03984375
8 0.36640625 0.5890625 0.0609375 0.05078125
11 0.27109375 0.58671875 0.06171875 0.04453125