9 0.5453125 0.0640625 0.03046875 0.0421875
3 0.9515625 0.0953125 0.0375 0.0421875
9 0.59375 0.25859375 0.03203125 0.0421875
5 0.159375 0.4125 0.05859375 0.0453125
3 0.6375 0.34140625 0.0359375 0.04140625
9 0.57890625 0.3796875 0.034375 0.04140625
6 0.521875 0.40078125 0.03828125 0.059375
9 0.46171875 0.4375 0.0359375 0.04140625
10 0.38984375 0.45078125 0.059375 0.07109375
2 0.3265625 0.48984375 0.05625 0.05
11 0.73046875 0.36328125 0.0421875 0.05078125
1 0.69140625 0.3671875 0.0515625 0.08359375
4 0.6390625 0.4078125 0.0484375 0.071875
3 0.55703125 0.44453125 0.03515625 0.03828125
0 0.50625 0.46640625 0.04296875 0.05390625
7 0.43046875 0.490625 0.05859375 0.071875
5 0.37109375 0.5421875 0.0515625 0.04375
3 0.65546875 0.5328125 0.0375 0.03671875
6 0.90859375 0.4546875 0.06171875 0.059375
2 0.84609375 0.503125 0.06328125 0.04921875
3 0.56484375 0.65078125 0.04140625 0.03828125