3 0.0609375 0.05859375 0.01875 0.040625
3 0.0703125 0.0984375 0.021875 0.05
3 0.0703125 0.0203125 0.021875 0.040625
3 0.053125 0.09375 0.0109375 0.021875
5 0.2484375 0.58046875 0.05625 0.0375
5 0.3203125 0.50546875 0.05625 0.040625
2 0.3671875 0.8265625 0.0625 0.0578125
8 0.36953125 0.63046875 0.065625 0.084375
6 0.41640625 0.67109375 0.0734375 0.0484375
0 0.40390625 0.43125 0.071875 0.04375
4 0.521875 0.48984375 0.0875 0.05625
9 0.50390625 0.70078125 0.05 0.05
3 0.57734375 0.703125 0.05 0.0484375
3 0.68359375 0.53125 0.0484375 0.046875
2 0.60234375 0.39375 0.065625 0.053125