3 0.41484375 0.090625 0.065625 0.0546875
3 0.7140625 0.50859375 0.071875 0.0625
3 0.60546875 0.77734375 0.0671875 0.065625
0 0.5296875 0.5609375 0.103125 0.0640625
5 0.490625 0.70390625 0.0765625 0.06875
2 0.36171875 0.5984375 0.071875 0.05625
9 0.54921875 0.9359375 0.06875 0.071875
9 0.375 0.68359375 0.059375 0.04375
9 0.30078125 0.4015625 0.0578125 0.040625
9 0.61328125 0.1765625 0.0734375 0.0703125
6 0.53984375 0.38671875 0.1046875 0.0546875
11 0.35546875 0.49296875 0.06875 0.046875
6 0.4125 0.7390625 0.0921875 0.071875