9 0.3109375 0.68984375 0.046875 0.0375
8 0.3390625 0.6921875 0.065625 0.04375
1 0.3953125 0.73125 0.103125 0.06875
5 0.58359375 0.89296875 0.0703125 0.075
2 0.47578125 0.7390625 0.06875 0.0640625
0 0.42421875 0.465625 0.078125 0.04375
3 0.5421875 0.1421875 0.053125 0.05625
3 0.53125 0.2875 0.053125 0.05
3 0.421875 0.30390625 0.053125 0.040625
3 0.53203125 0.36328125 0.053125 0.04375
3 0.5359375 0.46015625 0.053125 0.04375
3 0.5390625 0.75703125 0.053125 0.053125
3 0.5390625 0.66484375 0.0515625 0.0421875
9 0.5953125 0.46328125 0.05625 0.05
9 0.47421875 0.55390625 0.05 0.040625
9 0.38984375 0.38671875 0.05 0.0359375
9 0.353125 0.459375 0.05 0.034375
9 0.31015625 0.74375 0.046875 0.0375
6 0.2703125 0.60703125 0.0734375 0.034375
8 0.375 0.640625 0.0671875 0.04375
7 0.35390625 0.5640625 0.109375 0.046875
10 0.29375 0.32265625 0.096875 0.0546875
11 0.2796875 0.48046875 0.05625 0.0359375
11 0.2796875 0.246875 0.0546875 0.040625
5 0.5984375 0.134375 0.06875 0.071875
2 0.58125 0.26171875 0.075 0.0703125
0 0.59609375 0.36640625 0.08125 0.05625
4 0.57109375 0.69140625 0.10625 0.0796875
6 0.43046875 0.63046875 0.075 0.0484375
9 0.31484375 0.2328125 0.046875 0.0390625
9 0.315625 0.6203125 0.0453125 0.03125
3 0.38359375 0.78203125 0.0546875 0.040625