9 0.94921875 0.09453125 0.040625 0.025
9 0.91015625 0.09296875 0.028125 0.0203125
11 0.83046875 0.0625 0.034375 0.0421875
9 0.83515625 0.09140625 0.021875 0.0125
9 0.81796875 0.08671875 0.015625 0.009375
9 0.8515625 0.096875 0.01875 0.0109375
3 0.859375 0.11953125 0.046875 0.01875
3 0.93828125 0.115625 0.046875 0.021875
3 0.88125 0.08046875 0.0171875 0.009375
3 0.86015625 0.10546875 0.0125 0.00625
3 0.90703125 0.1109375 0.01875 0.0171875
5 0.41484375 0.30390625 0.0359375 0.05
5 0.484375 0.36796875 0.0375 0.05
1 0.6890625 0.39453125 0.059375 0.090625
11 0.74296875 0.44453125 0.046875 0.0515625
0 0.55 0.44296875 0.0375 0.0625
6 0.33515625 0.46015625 0.046875 0.0625
2 0.196875 0.41796875 0.053125 0.0546875
9 0.3109375 0.53828125 0.0453125 0.04375
4 0.49921875 0.5515625 0.0484375 0.0765625
3 0.309375 0.60390625 0.04375 0.04375
3 0.46484375 0.69609375 0.04375 0.0453125
2 0.58671875 0.6203125 0.046875 0.059375