8 0.615625 0.25 0.04296875 0.07421875
9 0.53046875 0.26640625 0.04140625 0.05234375
9 0.221875 0.2921875 0.0484375 0.053125
8 0.26953125 0.32734375 0.059375 0.07421875
9 0.44921875 0.30625 0.03828125 0.0546875
9 0.50703125 0.35546875 0.0375 0.05625
9 0.68046875 0.303125 0.0453125 0.05625
1 0.7171875 0.3171875 0.0734375 0.121875
0 0.51484375 0.43671875 0.05 0.0859375
9 0.409375 0.49765625 0.0484375 0.05859375
3 0.17109375 0.378125 0.04375 0.05625
5 0.0734375 0.47734375 0.08125 0.06953125
6 0.7828125 0.4390625 0.07109375 0.0875
7 0.640625 0.53671875 0.0796875 0.11875
3 0.26953125 0.56953125 0.06171875 0.0609375
3 0.1703125 0.56640625 0.06796875 0.059375
11 0.2703125 0.64140625 0.08125 0.07734375
3 0.86640625 0.6671875 0.07421875 0.06328125