3 0.1703125 0.46484375 0.0578125 0.04765625
3 0.98515625 0.19375 0.02890625 0.0453125
3 0.88828125 0.1484375 0.059375 0.0390625
3 0.865625 0.23828125 0.0515625 0.05
9 0.9546875 0.228125 0.05546875 0.0484375
6 0.49296875 0.19453125 0.0390625 0.078125
6 0.4890625 0.2640625 0.04140625 0.07578125
11 0.66484375 0.29453125 0.0453125 0.06171875
3 0.74296875 0.3296875 0.046875 0.05078125
0 0.890625 0.403125 0.07578125 0.07109375
11 0.55390625 0.37734375 0.04609375 0.0609375
9 0.4375 0.309375 0.03828125 0.0515625
9 0.36640625 0.33984375 0.03984375 0.05
3 0.4328125 0.37890625 0.040625 0.05
1 0.48671875 0.3890625 0.0515625 0.10234375
5 0.58125 0.459375 0.0484375 0.059375
3 0.30703125 0.384375 0.046875 0.04609375
2 0.37109375 0.4234375 0.05859375 0.05859375
5 0.4265625 0.459375 0.05078125 0.05703125
0 0.49765625 0.50078125 0.046875 0.0640625
9 0.63203125 0.51015625 0.04765625 0.046875
9 0.5484375 0.5515625 0.046875 0.0453125
9 0.64375 0.60234375 0.05 0.04609375
8 0.36640625 0.4921875 0.0546875 0.065625
4 0.43046875 0.5390625 0.0625 0.07890625
8 0.48984375 0.603125 0.05859375 0.0546875
10 0.34609375 0.5875 0.07578125 0.07734375
9 0.2765625 0.5703125 0.0578125 0.0484375
2 0.2234375 0.50546875 0.06640625 0.065625
9 0.240625 0.43125 0.04140625 0.05
7 0.28359375 0.44453125 0.07890625 0.09453125