4 0.68046875 0.3390625 0.059375 0.1109375
3 0.446875 0.3453125 0.0375 0.05
3 0.371875 0.41171875 0.046875 0.05625
9 0.6140625 0.3953125 0.040625 0.05625
9 0.528125 0.409375 0.040625 0.05625
8 0.4296875 0.39921875 0.046875 0.075
11 0.2390625 0.4546875 0.0609375 0.0703125
0 0.33828125 0.43984375 0.059375 0.090625
9 0.434375 0.45234375 0.04375 0.05625
3 0.71796875 0.4375 0.046875 0.059375
3 0.62265625 0.4546875 0.0375 0.0578125
3 0.42890625 0.4984375 0.046875 0.0609375
9 0.6453125 0.490625 0.046875 0.065625
7 0.88515625 0.48828125 0.096875 0.146875
2 0.64609375 0.540625 0.0546875 0.090625
6 0.5265625 0.5375 0.059375 0.10625
5 0.40546875 0.55703125 0.06875 0.0828125
0 0.16875 0.5546875 0.0796875 0.1046875