8 0.35234375 0.66328125 0.071875 0.04375
7 0.3375 0.58125 0.115625 0.046875
10 0.34296875 0.490625 0.10625 0.05
9 0.375 0.415625 0.05 0.0390625
6 0.36953125 0.3359375 0.084375 0.046875
11 0.38671875 0.2421875 0.0640625 0.05
9 0.428125 0.80703125 0.0578125 0.05
9 0.703125 0.63671875 0.06875 0.0625
9 0.6046875 0.68828125 0.06875 0.059375
9 0.53203125 0.6671875 0.0625 0.0484375
0 0.47265625 0.63671875 0.0875 0.05625
4 0.4546875 0.73046875 0.1171875 0.078125
5 0.48984375 0.5296875 0.0734375 0.05
2 0.49296875 0.44375 0.0828125 0.05
1 0.48671875 0.33984375 0.1296875 0.071875
3 0.5203125 0.21328125 0.0640625 0.05625