8 0.44453125 0.40234375 0.04296875 0.06796875
3 0.46328125 0.33515625 0.0359375 0.05
3 0.71640625 0.45625 0.04296875 0.0546875
9 0.62265625 0.40390625 0.03828125 0.053125
9 0.540625 0.41328125 0.034375 0.04921875
9 0.4484375 0.459375 0.040625 0.0515625
3 0.3921875 0.4109375 0.0421875 0.0515625
3 0.625 0.46953125 0.03828125 0.0515625
0 0.53046875 0.446875 0.04375 0.0796875
0 0.359375 0.446875 0.0515625 0.08046875
7 0.32578125 0.48828125 0.07578125 0.11328125
3 0.44140625 0.509375 0.04609375 0.053125
9 0.6421875 0.509375 0.04375 0.05390625
11 0.525 0.51484375 0.04765625 0.0640625
2 0.63984375 0.56484375 0.05 0.0765625
6 0.5296875 0.56171875 0.05078125 0.0828125
5 0.42265625 0.5734375 0.059375 0.06796875
4 0.31875 0.54765625 0.08046875 0.1046875