7 0.55546875 0.296875 0.04296875 0.103125
10 0.40703125 0.33984375 0.05078125 0.0921875
11 0.74140625 0.33515625 0.0515625 0.06015625
8 0.59453125 0.3734375 0.04140625 0.06484375
1 0.728125 0.421875 0.07265625 0.10234375
6 0.609375 0.4421875 0.0484375 0.0734375
4 0.49609375 0.44453125 0.05234375 0.09296875
2 0.3578125 0.3921875 0.05078125 0.0640625
9 0.4109375 0.434375 0.04140625 0.04921875
9 0.29453125 0.4515625 0.0453125 0.04765625
0 0.6484375 0.52578125 0.04765625 0.06875
5 0.50703125 0.53515625 0.0484375 0.05859375
5 0.2703125 0.61015625 0.06328125 0.06171875
3 0.240625 0.48046875 0.046875 0.05
8 0.2828125 0.51171875 0.06796875 0.06796875
3 0.3796875 0.55546875 0.04765625 0.0484375
2 0.52265625 0.625 0.04921875 0.06796875
3 0.56171875 0.75625 0.053125 0.053125
6 0.7515625 0.6625 0.06875 0.0671875