6 0.540625 0.29921875 0.04296875 0.0828125
8 0.5796875 0.37578125 0.0703125 0.09609375
0 0.66484375 0.409375 0.05 0.109375
9 0.7140625 0.48203125 0.06796875 0.0765625
4 0.6109375 0.47109375 0.07578125 0.1390625
11 0.68828125 0.5703125 0.08359375 0.08828125
1 0.515625 0.39453125 0.06953125 0.1609375
2 0.4328125 0.3703125 0.05859375 0.08671875
5 0.34921875 0.3671875 0.04375 0.0890625
6 0.315625 0.41015625 0.07265625 0.1125
7 0.40234375 0.4 0.0828125 0.153125
10 0.3890625 0.4671875 0.0859375 0.1390625
3 0.48515625 0.52109375 0.05703125 0.0703125
3 0.4234375 0.56875 0.065625 0.075
9 0.56328125 0.540625 0.06328125 0.0734375
9 0.51328125 0.59453125 0.06484375 0.07421875