3 0.81171875 0.6578125 0.07109375 0.071875
2 0.65625 0.6 0.07421875 0.08984375
10 0.2578125 0.33359375 0.06328125 0.10078125
8 0.34453125 0.4015625 0.0453125 0.071875
4 0.253125 0.4125 0.06328125 0.11328125
9 0.225 0.48515625 0.04453125 0.0609375
3 0.36484375 0.50390625 0.0453125 0.0625
3 0.2890625 0.5453125 0.0515625 0.06328125
9 0.1359375 0.52421875 0.0609375 0.06484375
9 0.06640625 0.60859375 0.065625 0.0671875
8 0.22265625 0.6140625 0.07421875 0.09453125
9 0.35234375 0.75234375 0.0609375 0.084375
7 0.5609375 0.51484375 0.07421875 0.1328125
2 0.48984375 0.59375 0.05625 0.09296875
5 0.38671875 0.628125 0.05859375 0.08671875
5 0.571875 0.64921875 0.06484375 0.0859375
6 0.49609375 0.67890625 0.06953125 0.1109375
9 0.8515625 0.334375 0.05390625 0.034375