9 0.51953125 0.69921875 0.04375 0.0390625
9 0.46640625 0.65703125 0.04453125 0.0390625
9 0.4203125 0.59765625 0.04453125 0.03984375
9 0.36796875 0.44921875 0.0421875 0.04375
9 0.38203125 0.37265625 0.0390625 0.04296875
9 0.62578125 0.3859375 0.0375 0.04453125
9 0.67890625 0.27265625 0.0390625 0.0484375
9 0.12734375 0.35703125 0.0515625 0.04609375
11 0.0609375 0.38828125 0.06796875 0.05390625
11 0.22421875 0.54375 0.0625 0.05
10 0.2609375 0.35390625 0.06953125 0.08203125
7 0.49296875 0.45859375 0.0515625 0.078125
6 0.6203125 0.45 0.0515625 0.0625
6 0.33125 0.6359375 0.05625 0.04921875
8 0.56015625 0.51328125 0.0578125 0.04921875
8 0.54296875 0.59453125 0.04921875 0.04296875
2 0.56328125 0.20390625 0.0390625 0.0671875
5 0.51328125 0.1640625 0.03671875 0.0578125
5 0.91875 0.421875 0.065625 0.05078125
0 0.634375 0.225 0.04453125 0.0734375
0 0.50234375 0.3640625 0.0375 0.06796875
4 0.8125 0.33671875 0.08359375 0.08515625
1 0.7484375 0.2921875 0.0734375 0.09140625
3 0.4546875 0.1875 0.0390625 0.046875
3 0.51640625 0.2421875 0.03359375 0.0515625
3 0.55859375 0.26875 0.03671875 0.04921875
3 0.61796875 0.30546875 0.03984375 0.04765625
3 0.66640625 0.36171875 0.04296875 0.0453125
3 0.7265625 0.38125 0.04609375 0.04296875
3 0.809375 0.43125 0.05546875 0.04609375
3 0.86875 0.46328125 0.0640625 0.0421875
2 0.75078125 0.4640625 0.07109375 0.05078125