6 0.765625 0.37265625 0.06875 0.0453125
4 0.69609375 0.265625 0.08125 0.0671875
11 0.6953125 0.45390625 0.0546875 0.0421875
0 0.7578125 0.5984375 0.065625 0.046875
6 0.75078125 0.753125 0.065625 0.053125
1 0.65390625 0.6828125 0.08125 0.06875
5 0.57109375 0.440625 0.05 0.04375
9 0.575 0.27109375 0.0421875 0.046875
3 0.528125 0.20859375 0.0375 0.0515625
9 0.47421875 0.44921875 0.034375 0.040625
3 0.47265625 0.62578125 0.0375 0.04375
10 0.46875 0.8078125 0.0578125 0.084375
8 0.33359375 0.6859375 0.0375 0.065625
2 0.3625 0.334375 0.0375 0.0640625
2 0.3953125 0.1828125 0.0453125 0.0625
3 0.33515625 0.81328125 0.03125 0.05625