6 0.853125 0.35859375 0.128125 0.05
0 0.875 0.52421875 0.128125 0.05
4 0.83359375 0.57109375 0.171875 0.0796875
2 0.83046875 0.6953125 0.1015625 0.0671875
11 0.759375 0.72265625 0.1015625 0.08125
9 0.7546875 0.59375 0.0890625 0.0625
1 0.7875 0.42109375 0.2 0.0875
5 0.77109375 0.27109375 0.103125 0.071875
3 0.725 0.65859375 0.053125 0.0625
6 0.68984375 0.1875 0.146875 0.103125
7 0.69453125 0.35 0.215625 0.1078125
10 0.65859375 0.52265625 0.196875 0.0875
9 0.65390625 0.6421875 0.09375 0.06875
8 0.6265625 0.7546875 0.1234375 0.1171875