3 0.75390625 0.97421875 0.04375 0.025
3 0.88984375 0.8453125 0.0421875 0.0265625
3 0.70078125 0.6671875 0.0453125 0.053125
2 0.6125 0.628125 0.0515625 0.06875
9 0.41796875 0.58125 0.040625 0.05625
5 0.5140625 0.584375 0.0484375 0.065625
10 0.3984375 0.55390625 0.06875 0.109375
2 0.5234375 0.53515625 0.053125 0.075
0 0.61640625 0.5390625 0.05625 0.0875
6 0.5078125 0.475 0.053125 0.084375
8 0.3765625 0.39765625 0.0734375 0.071875
7 0.21796875 0.35 0.115625 0.11875
6 0.85546875 0.33671875 0.0890625 0.0828125
11 0.47578125 0.22109375 0.0671875 0.075