9 0.6921875 0.28515625 0.03671875 0.05
9 0.70234375 0.315625 0.03671875 0.04765625
9 0.69296875 0.359375 0.03984375 0.0484375
4 0.45703125 0.28671875 0.04921875 0.1
10 0.378125 0.25703125 0.0546875 0.1
8 0.175 0.3875 0.06171875 0.071875
8 0.34375 0.43828125 0.05390625 0.07109375
6 0.62109375 0.51171875 0.0546875 0.07734375
6 0.7921875 0.34609375 0.06328125 0.08125
9 0.61484375 0.6453125 0.05078125 0.05390625
9 0.71640625 0.471875 0.05078125 0.05546875
9 0.71015625 0.40625 0.04375 0.0546875
9 0.546875 0.4453125 0.0421875 0.05
9 0.4 0.56484375 0.04765625 0.05078125
11 0.60625 0.35546875 0.04453125 0.0640625
11 0.7796875 0.2734375 0.05234375 0.0609375
2 0.61953125 0.275 0.0484375 0.0640625
2 0.29375 0.64140625 0.07109375 0.071875
0 0.6296875 0.39296875 0.05 0.08359375
0 0.10859375 0.4796875 0.07734375 0.0796875
5 0.090625 0.6109375 0.07734375 0.06796875
5 0.2203125 0.271875 0.04453125 0.06015625
1 0.45 0.3703125 0.05078125 0.115625
3 0.51640625 0.36015625 0.03828125 0.05078125
3 0.4390625 0.4453125 0.0390625 0.05
3 0.40703125 0.503125 0.04609375 0.05
3 0.22734375 0.50390625 0.053125 0.05234375
3 0.2125 0.553125 0.0578125 0.05390625
3 0.24375 0.44453125 0.04765625 0.053125
3 0.2921875 0.35 0.0390625 0.053125
3 0.2640625 0.3078125 0.0375 0.04921875
7 0.8140625 0.3828125 0.0828125 0.11640625