6 0.21640625 0.63671875 0.0703125 0.046875
0 0.23984375 0.38828125 0.0671875 0.053125
6 0.25703125 0.21796875 0.0625 0.0625
4 0.29296875 0.7640625 0.08125 0.0765625
11 0.3015625 0.55546875 0.0578125 0.0453125
1 0.3671875 0.309375 0.075 0.08125
5 0.44375 0.58203125 0.046875 0.046875
9 0.428125 0.76796875 0.0421875 0.053125
3 0.4484375 0.20234375 0.040625 0.0578125
3 0.50859375 0.484375 0.034375 0.04375
3 0.4765625 0.8390625 0.0375 0.05625
3 0.56171875 0.39453125 0.034375 0.05
9 0.55078125 0.584375 0.034375 0.0421875
3 0.56015625 0.77734375 0.034375 0.05625
10 0.58046875 0.2015625 0.0484375 0.09375
2 0.6234375 0.8765625 0.040625 0.0734375
2 0.66640625 0.71953125 0.0375 0.075
9 0.71484375 0.5234375 0.0375 0.0453125
8 0.715625 0.34765625 0.040625 0.071875
3 0.71953125 0.215625 0.0359375 0.059375