8 0.47578125 0.49296875 0.0359375 0.034375
4 0.40625 0.51015625 0.0375 0.046875
6 0.3359375 0.5390625 0.03125 0.040625
1 0.39375 0.54765625 0.0390625 0.053125
10 0.47109375 0.528125 0.04375 0.0484375
3 0.5015625 0.521875 0.028125 0.025
9 0.496875 0.5625 0.028125 0.0265625
3 0.534375 0.55625 0.028125 0.025
11 0.58046875 0.53671875 0.03125 0.03125
11 0.56875 0.58125 0.0359375 0.03125
11 0.33046875 0.578125 0.03125 0.034375
2 0.36953125 0.60703125 0.0296875 0.0375
8 0.63828125 0.590625 0.040625 0.03125
7 0.5609375 0.61171875 0.053125 0.05
9 0.4828125 0.60703125 0.0296875 0.028125
0 0.44921875 0.62109375 0.0359375 0.0375
6 0.3953125 0.6453125 0.034375 0.0375
9 0.4828125 0.659375 0.03125 0.028125
5 0.54375 0.65390625 0.0375 0.0328125