5 0.52734375 0.2796875 0.053125 0.0953125
3 0.47890625 0.36484375 0.0375 0.053125
11 0.31328125 0.621875 0.0765625 0.10625
8 0.41484375 0.65 0.0765625 0.115625
8 0.45546875 0.26640625 0.0671875 0.109375
7 0.4546875 0.54765625 0.1 0.16875
9 0.33203125 0.53671875 0.05625 0.084375
3 0.53359375 0.03828125 0.0390625 0.075
3 0.378125 0.5546875 0.053125 0.071875
0 0.39453125 0.2890625 0.065625 0.115625
1 0.37265625 0.3484375 0.09375 0.1640625
4 0.33671875 0.446875 0.096875 0.146875
10 0.5015625 0.46015625 0.0859375 0.1578125
2 0.53515625 0.359375 0.065625 0.1140625