3 0.52421875 0.32421875 0.0375 0.04375
2 0.46171875 0.3515625 0.04453125 0.053125
9 0.3921875 0.384375 0.0375 0.04375
10 0.346875 0.41328125 0.05859375 0.0734375
8 0.33359375 0.49921875 0.0453125 0.05703125
8 0.46875 0.43046875 0.04375 0.0515625
4 0.3984375 0.4609375 0.0546875 0.07109375
7 0.52109375 0.3734375 0.04921875 0.0828125
9 0.56328125 0.36484375 0.0375 0.04375
9 0.6953125 0.4359375 0.04453125 0.03984375
3 0.63046875 0.3984375 0.0359375 0.0421875
2 0.565625 0.434375 0.03828125 0.05546875
5 0.5140625 0.46875 0.04140625 0.05
0 0.45 0.5078125 0.04453125 0.05234375
9 0.390625 0.54375 0.03828125 0.040625
9 0.31796875 0.6 0.046875 0.03984375
9 0.4375 0.6046875 0.03984375 0.03671875
3 0.63359375 0.478125 0.04296875 0.040625
1 0.58828125 0.5015625 0.06328125 0.0703125
5 0.50546875 0.571875 0.0453125 0.04453125
9 0.74921875 0.48671875 0.0515625 0.0390625
11 0.63125 0.5625 0.05390625 0.0453125
6 0.8203125 0.52109375 0.06640625 0.05078125
6 0.9546875 0.53046875 0.0828125 0.05234375
11 0.7796875 0.6640625 0.06875 0.04453125
3 0.71953125 0.72421875 0.0515625 0.034375
0 0.56953125 0.8234375 0.0546875 0.04140625
3 0.9265625 0.87421875 0.07109375 0.0390625
9 0.96484375 0.984375 0.0703125 0.03125