3 0.60703125 0.215625 0.0546875 0.046875
3 0.5625 0.509375 0.040625 0.05
3 0.68828125 0.61640625 0.04375 0.053125
3 0.7515625 0.5890625 0.046875 0.053125
3 0.475 0.628125 0.046875 0.0515625
3 0.24921875 0.69453125 0.04375 0.05
5 0.43828125 0.7 0.0484375 0.0625
4 0.3546875 0.52421875 0.0796875 0.090625
8 0.12421875 0.62109375 0.071875 0.0703125
8 0.421875 0.76640625 0.040625 0.06875
9 0.1515625 0.53984375 0.04375 0.053125
9 0.3765625 0.6015625 0.046875 0.05
9 0.334375 0.66875 0.0453125 0.05
9 0.5296875 0.68984375 0.0375 0.0515625
9 0.62265625 0.56171875 0.040625 0.05
11 0.64140625 0.68046875 0.0453125 0.059375
6 0.3421875 0.3875 0.065625 0.065625
7 0.58671875 0.42109375 0.059375 0.0890625
10 0.40859375 0.33125 0.0859375 0.078125
9 0.21171875 0.653125 0.05 0.05
1 0.19921875 0.5125 0.10625 0.096875
0 0.50546875 0.5453125 0.04375 0.0734375