0 0.51015625 0.24609375 0.03203125 0.075
2 0.43671875 0.25078125 0.03359375 0.0640625
4 0.728125 0.278125 0.05 0.09609375
9 0.7140625 0.61875 0.05546875 0.05625
9 0.63046875 0.60234375 0.05078125 0.05546875
9 0.546875 0.56875 0.0421875 0.05546875
9 0.39765625 0.46171875 0.04375 0.0546875
9 0.103125 0.45546875 0.05703125 0.05390625
9 0.57890625 0.36015625 0.034375 0.05234375
9 0.3671875 0.40390625 0.040625 0.05234375
9 0.56640625 0.27265625 0.034375 0.04921875
11 0.321875 0.57421875 0.0609375 0.065625
11 0.04921875 0.50234375 0.0765625 0.0609375
10 0.1921875 0.45859375 0.08984375 0.1015625
7 0.5296875 0.425 0.0484375 0.10859375
6 0.63125 0.38828125 0.04765625 0.0765625
6 0.49375 0.62421875 0.0546875 0.07734375
8 0.65859375 0.525 0.05546875 0.0671875
8 0.6171875 0.45703125 0.0515625 0.071875
3 0.77890625 0.49765625 0.04296875 0.05234375
3 0.77109375 0.3453125 0.0328125 0.04921875
3 0.6953125 0.3296875 0.0390625 0.04921875
3 0.5359375 0.3046875 0.03359375 0.04765625
3 0.46484375 0.29609375 0.03203125 0.05
3 0.4140625 0.2859375 0.0328125 0.04765625
3 0.32890625 0.26640625 0.03046875 0.05
3 0.33359375 0.35703125 0.03828125 0.04921875
0 0.4796875 0.36015625 0.03984375 0.07890625
1 0.725 0.409375 0.06875 0.1125
5 0.87265625 0.3234375 0.05 0.06171875
5 0.3703125 0.2359375 0.0328125 0.05625