4 0.79140625 0.56171875 0.071875 0.075
6 0.6859375 0.6015625 0.0453125 0.059375
9 0.6859375 0.546875 0.040625 0.040625
9 0.70703125 0.49609375 0.0390625 0.04375
6 0.60625 0.55546875 0.0421875 0.059375
3 0.6046875 0.64375 0.034375 0.04375
3 0.5375 0.6046875 0.034375 0.0421875
8 0.40546875 0.64609375 0.040625 0.059375
3 0.48515625 0.5953125 0.034375 0.040625
0 0.38203125 0.546875 0.04375 0.059375
0 0.209375 0.43203125 0.0640625 0.053125
1 0.3 0.61953125 0.065625 0.084375
5 0.44296875 0.50703125 0.0453125 0.053125
5 0.54140625 0.440625 0.04375 0.046875
2 0.6140625 0.44375 0.05 0.0515625
3 0.70859375 0.4328125 0.04375 0.0375
3 0.72265625 0.31328125 0.05 0.0375
7 0.1828125 0.29296875 0.0921875 0.0625
9 0.5359375 0.64453125 0.034375 0.040625
11 0.5359375 0.55 0.040625 0.05
8 0.54609375 0.39140625 0.04375 0.053125
9 0.70078125 0.37421875 0.046875 0.040625
9 0.53515625 0.29609375 0.04375 0.0421875
9 0.375 0.44765625 0.0390625 0.040625
9 0.3734375 0.49453125 0.0375 0.040625
8 0.30078125 0.4921875 0.0515625 0.046875
10 0.215625 0.55859375 0.0734375 0.075
3 0.23515625 0.59453125 0.0421875 0.040625
9 0.3859375 0.5921875 0.0375 0.0421875
3 0.6171875 0.59765625 0.040625 0.0390625
2 0.63359375 0.31015625 0.059375 0.0453125
3 0.45703125 0.54375 0.0375 0.040625