5 0.690625 0.27734375 0.05625 0.04375
2 0.68515625 0.35546875 0.0640625 0.040625
0 0.69609375 0.428125 0.0734375 0.0375
9 0.67890625 0.4921875 0.05 0.0359375
1 0.703125 0.56171875 0.1046875 0.046875
4 0.6953125 0.6390625 0.096875 0.05
5 0.6734375 0.76171875 0.0578125 0.046875
3 0.63984375 0.77109375 0.053125 0.040625
3 0.64375 0.70625 0.04375 0.0375
2 0.61328125 0.7078125 0.06875 0.05
3 0.6421875 0.61640625 0.05 0.034375
3 0.63359375 0.56171875 0.0484375 0.0375
3 0.6484375 0.4796875 0.05 0.0375
3 0.64921875 0.40390625 0.046875 0.0375
3 0.6484375 0.3484375 0.0484375 0.0359375
3 0.66015625 0.25 0.046875 0.040625
0 0.59453125 0.46015625 0.08125 0.0421875
7 0.55703125 0.5484375 0.11875 0.05
8 0.48203125 0.70859375 0.075 0.053125
9 0.4765625 0.51015625 0.059375 0.046875
8 0.5546875 0.2546875 0.071875 0.05625
6 0.5015625 0.31640625 0.084375 0.0609375
11 0.4859375 0.41875 0.0578125 0.0453125
10 0.45234375 0.40859375 0.109375 0.071875
9 0.4203125 0.62421875 0.0609375 0.046875
9 0.40390625 0.72734375 0.0625 0.053125
9 0.40390625 0.8125 0.0625 0.0625
6 0.3453125 0.61484375 0.0921875 0.059375
9 0.44375 0.31875 0.05625 0.0515625
9 0.440625 0.221875 0.059375 0.05625
9 0.44453125 0.1015625 0.059375 0.0625
11 0.39921875 0.07109375 0.071875 0.0828125