0 0.4671875 0.39453125 0.0875 0.1265625
2 0.66484375 0.58203125 0.103125 0.1046875
5 0.72265625 0.4796875 0.10625 0.1
3 0.5609375 0.54453125 0.08125 0.084375
1 0.4 0.5296875 0.09375 0.178125
4 0.29296875 0.59921875 0.103125 0.1671875
3 0.33671875 0.646875 0.0515625 0.08125
8 0.62421875 0.396875 0.121875 0.1125
8 0.365625 0.73828125 0.065625 0.109375
11 0.21796875 0.67890625 0.0671875 0.1
10 0.55 0.69375 0.096875 0.1625
7 0.453125 0.74296875 0.0703125 0.18125
9 0.41796875 0.63046875 0.0546875 0.03125
9 0.24609375 0.61171875 0.0359375 0.084375