5 0.7546875 0.3171875 0.05 0.05703125
3 0.6953125 0.346875 0.040625 0.04765625
4 0.628125 0.30234375 0.05703125 0.0921875
3 0.62421875 0.36484375 0.0390625 0.046875
2 0.70625 0.39609375 0.0484375 0.0671875
3 0.5515625 0.359375 0.034375 0.04765625
3 0.46953125 0.35234375 0.0359375 0.0484375
0 0.41171875 0.296875 0.0375 0.07265625
3 0.3921875 0.353125 0.0359375 0.0484375
3 0.33359375 0.353125 0.0390625 0.0484375
5 0.2703125 0.31328125 0.04296875 0.05625
3 0.4671875 0.44375 0.03984375 0.0515625
3 0.29609375 0.39609375 0.04296875 0.05
2 0.21171875 0.38671875 0.0578125 0.0640625
8 0.7265625 0.4953125 0.05546875 0.06484375
8 0.27109375 0.4765625 0.0625 0.065625
6 0.3453125 0.5390625 0.05625 0.07265625
11 0.63671875 0.55 0.053125 0.06015625
0 0.54453125 0.55390625 0.0515625 0.07421875
9 0.8328125 0.62890625 0.065625 0.0546875
9 0.75078125 0.63359375 0.0578125 0.05390625
9 0.64765625 0.6171875 0.046875 0.05234375
9 0.5453125 0.61953125 0.046875 0.04609375
9 0.42265625 0.615625 0.0484375 0.05
9 0.3421875 0.60078125 0.05078125 0.05078125
9 0.246875 0.60859375 0.0546875 0.05
9 0.121875 0.60703125 0.06171875 0.0515625
1 0.225 0.65546875 0.090625 0.10390625
10 0.4296875 0.6859375 0.0671875 0.09140625
7 0.534375 0.6796875 0.06484375 0.09921875
6 0.65859375 0.69296875 0.06328125 0.0703125
11 0.890625 0.71328125 0.08671875 0.06015625