5 0.275 0.71015625 0.04375 0.053125
2 0.25625 0.6734375 0.05 0.0578125
0 0.2390625 0.6390625 0.05 0.065625
1 0.19765625 0.59140625 0.071875 0.090625
4 0.1984375 0.53125 0.078125 0.078125
0 0.1671875 0.48046875 0.0640625 0.0609375
2 0.1328125 0.40546875 0.075 0.0578125
5 0.12265625 0.34375 0.06875 0.0515625
3 0.2265625 0.3421875 0.0546875 0.04375
3 0.2265625 0.3984375 0.053125 0.04375
3 0.27421875 0.465625 0.04375 0.04375
3 0.28046875 0.515625 0.04375 0.04375
3 0.30859375 0.5671875 0.040625 0.04375
3 0.30390625 0.61328125 0.04375 0.04375
3 0.33828125 0.66953125 0.0359375 0.04375
3 0.35859375 0.696875 0.034375 0.04375
11 0.775 0.66796875 0.0484375 0.053125
8 0.78515625 0.62109375 0.059375 0.05
6 0.78125 0.58046875 0.059375 0.0625
7 0.790625 0.55 0.08125 0.084375
10 0.7953125 0.4828125 0.08125 0.075
6 0.790625 0.421875 0.0671875 0.0578125
8 0.8 0.3453125 0.078125 0.05
11 0.78828125 0.2734375 0.06875 0.05
9 0.684375 0.28984375 0.053125 0.04375
9 0.68984375 0.34609375 0.053125 0.040625
9 0.69609375 0.41640625 0.0453125 0.04375
9 0.69140625 0.48046875 0.04375 0.04375
9 0.6984375 0.53515625 0.04375 0.04375
9 0.6984375 0.5765625 0.0421875 0.0421875
9 0.69921875 0.625 0.040625 0.04375
9 0.70703125 0.6671875 0.040625 0.04375