11 0.41484375 0.71875 0.04375 0.05
11 0.528125 0.3671875 0.04375 0.0390625
8 0.33515625 0.4484375 0.053125 0.0375
8 0.7 0.3703125 0.053125 0.046875
5 0.61640625 0.44609375 0.05 0.0359375
5 0.73828125 0.56328125 0.053125 0.0375
2 0.50859375 0.70625 0.040625 0.053125
6 0.33984375 0.68125 0.0546875 0.0484375
6 0.59921875 0.71640625 0.05 0.053125
1 0.41328125 0.6359375 0.059375 0.059375
4 0.33046875 0.575 0.0734375 0.05
0 0.596875 0.6359375 0.05 0.046875
9 0.690625 0.628125 0.05 0.0375
9 0.590625 0.575 0.040625 0.034375
9 0.509375 0.50546875 0.0390625 0.028125
10 0.4265625 0.51796875 0.05625 0.040625
7 0.68515625 0.509375 0.0765625 0.0375
3 0.5296875 0.45234375 0.0375 0.0296875
3 0.42578125 0.45 0.040625 0.028125