5 0.8359375 0.34609375 0.0515625 0.05546875
0 0.675 0.31484375 0.04453125 0.06796875
9 0.778125 0.67734375 0.06015625 0.04453125
11 0.77890625 0.75546875 0.0671875 0.0515625
6 0.56015625 0.7171875 0.05625 0.05625
2 0.76796875 0.3265625 0.04921875 0.05859375
4 0.615625 0.30703125 0.0515625 0.0875
1 0.5453125 0.28125 0.04140625 0.0953125
0 0.45390625 0.2859375 0.03828125 0.06640625
2 0.38828125 0.284375 0.0453125 0.05546875
5 0.3265625 0.27734375 0.04296875 0.05390625
3 0.3015625 0.328125 0.0375 0.04453125
3 0.35625 0.328125 0.0390625 0.04453125
3 0.4515625 0.33359375 0.03359375 0.046875
3 0.515625 0.35390625 0.03515625 0.04375
3 0.5921875 0.36015625 0.03359375 0.04453125
3 0.65703125 0.37578125 0.0375 0.04453125
3 0.75 0.3765625 0.0421875 0.0453125
3 0.8125 0.3953125 0.04375 0.0453125
11 0.10390625 0.62578125 0.07578125 0.05234375
8 0.19609375 0.6453125 0.0671875 0.05625
6 0.2859375 0.66015625 0.0671875 0.05546875
7 0.3578125 0.66875 0.07890625 0.0734375
10 0.47109375 0.690625 0.059375 0.06875
8 0.66796875 0.7390625 0.05546875 0.0609375
9 0.14921875 0.57265625 0.05625 0.04375
9 0.2359375 0.5828125 0.05234375 0.04296875
9 0.3265625 0.59921875 0.04921875 0.04296875
9 0.4015625 0.61171875 0.0453125 0.0453125
9 0.49453125 0.625 0.04375 0.04296875
9 0.59140625 0.65 0.04609375 0.04375
9 0.69765625 0.66640625 0.05078125 0.04375