5 0.46171875 0.703125 0.0609375 0.06796875
3 0.4921875 0.60234375 0.053125 0.05078125
2 0.70078125 0.59921875 0.0734375 0.06953125
5 0.58828125 0.528125 0.0578125 0.065625
3 0.27265625 0.596875 0.06015625 0.05546875
0 0.69921875 0.46015625 0.06640625 0.07734375
4 0.4953125 0.4484375 0.06015625 0.09921875
2 0.28828125 0.45703125 0.0703125 0.0671875
1 0.66171875 0.3390625 0.075 0.1140625
8 0.36328125 0.60078125 0.06328125 0.07421875
9 0.2875 0.54296875 0.05703125 0.05546875
9 0.3875 0.47421875 0.0515625 0.05859375
6 0.58203125 0.4015625 0.05234375 0.08203125
8 0.49375 0.34453125 0.05 0.06875
10 0.29140625 0.38046875 0.075 0.103125