11 0.1625 0.40625 0.071875 0.075
10 0.25703125 0.4359375 0.09375 0.125
6 0.4828125 0.50078125 0.059375 0.1
3 0.39375 0.26171875 0.040625 0.05625
9 0.85546875 0.2921875 0.04375 0.0609375
9 0.775 0.3453125 0.05 0.0625
9 0.584375 0.2453125 0.0390625 0.059375
9 0.48046875 0.22578125 0.040625 0.053125
9 0.3984375 0.309375 0.04375 0.059375
8 0.74921875 0.2125 0.046875 0.0734375
3 0.10625 0.53984375 0.075 0.06875
3 0.40078125 0.36015625 0.046875 0.0625
3 0.31796875 0.265625 0.04375 0.059375
3 0.60390625 0.1890625 0.03125 0.053125
3 0.91328125 0.48984375 0.06875 0.065625
2 0.59609375 0.45078125 0.059375 0.084375
5 0.678125 0.2546875 0.046875 0.06875
0 0.4703125 0.33828125 0.05 0.09375
0 0.684375 0.2859375 0.05 0.09375
4 0.709375 0.37578125 0.078125 0.128125
6 0.8203125 0.17109375 0.05 0.084375