3 0.7328125 0.73671875 0.0453125 0.04375
11 0.3609375 0.43984375 0.0390625 0.05
11 0.3796875 0.121875 0.0375 0.078125
8 0.484375 0.71953125 0.0484375 0.0578125
8 0.55390625 0.65 0.05625 0.0515625
6 0.63515625 0.63125 0.0640625 0.053125
6 0.3421875 0.61796875 0.040625 0.053125
10 0.45234375 0.24765625 0.059375 0.090625
7 0.559375 0.5625 0.0734375 0.053125
9 0.50625 0.4375 0.0421875 0.040625
9 0.44765625 0.13984375 0.0375 0.059375
9 0.4171875 0.6328125 0.0375 0.040625
9 0.4015625 0.725 0.0375 0.05
9 0.3984375 0.803125 0.034375 0.059375
9 0.67109375 0.559375 0.0453125 0.0375
9 0.790625 0.49375 0.046875 0.0375
4 0.80078125 0.67265625 0.090625 0.065625
5 0.775 0.8296875 0.05625 0.05625
5 0.80625 0.25 0.059375 0.05
0 0.81171875 0.42265625 0.075 0.04375
0 0.64140625 0.4671875 0.0671875 0.04375
2 0.796875 0.3375 0.065625 0.046875
2 0.684375 0.7359375 0.0609375 0.059375
3 0.75390625 0.22265625 0.0484375 0.046875
3 0.7390625 0.33671875 0.04375 0.040625
3 0.73828125 0.3984375 0.05 0.0375
3 0.7390625 0.48203125 0.0484375 0.0390625
3 0.73515625 0.659375 0.0453125 0.0421875
3 0.62421875 0.3015625 0.040625 0.0421875
9 0.5671875 0.371875 0.0421875 0.040625
1 0.61953125 0.74140625 0.084375 0.0765625
3 0.5390625 0.8125 0.0375 0.04375