7 0.5125 0.3234375 0.0421875 0.11171875
8 0.53046875 0.4078125 0.04296875 0.06640625
11 0.70703125 0.3765625 0.05390625 0.06328125
6 0.53203125 0.48515625 0.04921875 0.078125
6 0.87734375 0.5390625 0.07578125 0.07578125
0 0.5390625 0.58359375 0.05234375 0.075
1 0.4046875 0.3859375 0.05546875 0.11015625
4 0.39765625 0.47890625 0.06484375 0.0984375
5 0.39296875 0.5828125 0.05703125 0.0625
2 0.3875 0.68828125 0.0578125 0.0734375
10 0.3375 0.3609375 0.0640625 0.10078125
2 0.27734375 0.4109375 0.0578125 0.06875
9 0.32265625 0.45859375 0.05 0.0546875
3 0.37890625 0.83828125 0.06015625 0.05390625