3 0.39609375 0.5140625 0.0515625 0.0625
2 0.734375 0.4625 0.1078125 0.0703125
0 0.60390625 0.2265625 0.0859375 0.065625
5 0.8046875 0.35546875 0.10625 0.06875
3 0.64765625 0.415625 0.08125 0.059375
1 0.528125 0.3515625 0.1125 0.09375
4 0.40234375 0.425 0.0734375 0.1046875
9 0.3375 0.46015625 0.0546875 0.071875
9 0.49140625 0.46796875 0.0640625 0.059375
11 0.28515625 0.534375 0.078125 0.0765625
8 0.7375 0.2546875 0.125 0.0703125
8 0.40546875 0.62734375 0.0671875 0.0875
10 0.6078125 0.57109375 0.1 0.1125
7 0.4984375 0.6203125 0.08125 0.1359375