9 0.0484375 0.74921875 0.0484375 0.0375
3 0.38984375 0.865625 0.0484375 0.021875
5 0.50234375 0.8609375 0.04375 0.028125
3 0.60546875 0.7828125 0.0375 0.03125
0 0.58203125 0.84453125 0.0703125 0.03125
9 0.47109375 0.859375 0.025 0.015625
9 0.47421875 0.8046875 0.025 0.015625
9 0.5078125 0.825 0.0265625 0.015625
9 0.509375 0.8421875 0.046875 0.0203125
0 0.3953125 0.834375 0.05 0.046875
9 0.62109375 0.66875 0.0375 0.053125
9 0.4515625 0.6734375 0.03125 0.0515625
8 0.54453125 0.69453125 0.040625 0.0671875
8 0.559375 0.63046875 0.040625 0.06875
3 0.48046875 0.69921875 0.03125 0.053125
3 0.4953125 0.65 0.034375 0.053125
5 0.5203125 0.59609375 0.0453125 0.0671875
2 0.37421875 0.64140625 0.0453125 0.0625
4 0.40234375 0.6 0.065625 0.1
7 0.46875 0.58359375 0.05625 0.1109375
11 0.41875 0.509375 0.053125 0.065625
6 0.34921875 0.54375 0.053125 0.08125
10 0.31796875 0.625 0.065625 0.1
1 0.2625 0.59140625 0.078125 0.1109375
6 0.2109375 0.5328125 0.0625 0.08125
3 0.27578125 0.4921875 0.059375 0.053125
3 0.20703125 0.43359375 0.0609375 0.059375
3 0.34375 0.44765625 0.05 0.05625
3 0.4140625 0.43515625 0.046875 0.05625
9 0.28203125 0.3984375 0.059375 0.059375