9 0.378125 0.69609375 0.0375 0.0484375
3 0.44140625 0.71875 0.03125 0.05
6 0.55 0.7171875 0.0359375 0.071875
9 0.58984375 0.671875 0.034375 0.05
9 0.65078125 0.640625 0.0359375 0.046875
3 0.490625 0.68671875 0.034375 0.05
3 0.41484375 0.665625 0.0375 0.05
3 0.375 0.63984375 0.040625 0.0484375
3 0.57890625 0.61171875 0.0390625 0.05
9 0.2796875 0.6 0.046875 0.05
11 0.4640625 0.62421875 0.04375 0.059375
6 0.52578125 0.659375 0.0375 0.065625
1 0.51875 0.61328125 0.05 0.10625
2 0.62421875 0.57109375 0.05 0.0625
3 0.70390625 0.59609375 0.04375 0.04375
9 0.74921875 0.55 0.0453125 0.05
3 0.81328125 0.5125 0.053125 0.05
7 0.7 0.546875 0.0671875 0.1
2 0.75 0.48046875 0.0625 0.06875
5 0.56328125 0.53984375 0.05 0.059375
8 0.61015625 0.50703125 0.046875 0.0671875
9 0.68203125 0.4265625 0.053125 0.05
10 0.603125 0.4234375 0.0609375 0.084375
3 0.39140625 0.5875 0.03125 0.046875
5 0.41875 0.5546875 0.046875 0.059375
0 0.48515625 0.51328125 0.04375 0.06875
4 0.5390625 0.47421875 0.05625 0.0875
0 0.32421875 0.5671875 0.0484375 0.075
9 0.359375 0.51484375 0.04375 0.05
9 0.42734375 0.47109375 0.04375 0.046875
8 0.46484375 0.42109375 0.05625 0.0625
11 0.52734375 0.3625 0.05 0.059375