9 0.93125 0.93515625 0.053125 0.05
6 0.4515625 0.8921875 0.0453125 0.0890625
2 0.37734375 0.8609375 0.04375 0.0796875
11 0.61328125 0.77421875 0.046875 0.0671875
1 0.58125 0.77578125 0.0765625 0.125
4 0.503125 0.74453125 0.0703125 0.115625
3 0.30234375 0.7546875 0.040625 0.059375
3 0.08515625 0.71875 0.0578125 0.0609375
3 0.4453125 0.66640625 0.04375 0.059375
3 0.65703125 0.70078125 0.05625 0.0578125
9 0.57890625 0.66640625 0.053125 0.059375
6 0.51640625 0.640625 0.0625 0.084375
9 0.44765625 0.584375 0.05 0.05625
0 0.38359375 0.64765625 0.0515625 0.0875
7 0.30625 0.6125 0.06875 0.121875
10 0.38828125 0.55546875 0.0703125 0.1015625
5 0.20859375 0.5453125 0.06875 0.0734375
2 0.2984375 0.48828125 0.0625 0.075
9 0.84609375 0.646875 0.0640625 0.05625
5 0.459375 0.23203125 0.0703125 0.065625