3 0.20078125 0.54375 0.034375 0.03125
3 0.2578125 0.48203125 0.040625 0.0265625
3 0.20390625 0.41484375 0.021875 0.05
3 0.20078125 0.453125 0.034375 0.0296875
9 0.22890625 0.44375 0.028125 0.0515625
6 0.3359375 0.74296875 0.0625 0.040625
6 0.38046875 0.68046875 0.0625 0.0375
11 0.34453125 0.5421875 0.05 0.03125
11 0.42734375 0.53671875 0.053125 0.03125
3 0.34296875 0.47265625 0.0421875 0.028125
9 0.4296875 0.6828125 0.04375 0.0375
9 0.4734375 0.7046875 0.04375 0.0375
1 0.45078125 0.55546875 0.090625 0.046875
0 0.51953125 0.79765625 0.0609375 0.059375
3 0.52890625 0.70859375 0.040625 0.0375
3 0.47265625 0.62109375 0.0421875 0.034375
5 0.46484375 0.45390625 0.05 0.0375
5 0.52265625 0.54921875 0.05 0.0421875
9 0.478125 0.3875 0.04375 0.0359375
9 0.52421875 0.3046875 0.04375 0.04375
9 0.5296875 0.396875 0.0421875 0.0375
0 0.5140625 0.4640625 0.053125 0.040625
2 0.51640625 0.61640625 0.0578125 0.04375
2 0.6359375 0.64140625 0.053125 0.05625
9 0.5796875 0.70390625 0.04375 0.04375
7 0.56328125 0.6421875 0.084375 0.059375
8 0.5640625 0.55234375 0.0578125 0.04375
4 0.559375 0.46328125 0.071875 0.05
8 0.5765625 0.38359375 0.059375 0.0484375
9 0.65078125 0.54609375 0.046875 0.040625
10 0.621875 0.4703125 0.075 0.0546875
3 0.63515625 0.7265625 0.04375 0.04375