3 0.5171875 0.38515625 0.04296875 0.08984375
3 0.815625 0.0890625 0.0515625 0.02421875
9 0.9328125 0.1234375 0.025 0.01875
9 0.984375 0.17109375 0.03125 0.0234375
0 0.490625 0.2328125 0.0546875 0.11796875
2 0.66484375 0.2640625 0.06640625 0.096875
6 0.3328125 0.25703125 0.0484375 0.1234375
1 0.421875 0.30390625 0.08203125 0.203125
5 0.2609375 0.3328125 0.0765625 0.1015625
6 0.1921875 0.409375 0.1 0.15625
7 0.37734375 0.39140625 0.1 0.23203125
4 0.55234375 0.25859375 0.07734375 0.1609375
9 0.5953125 0.3015625 0.0453125 0.025
10 0.57265625 0.41796875 0.10703125 0.21640625
11 0.7265625 0.321875 0.06484375 0.09921875
3 0.66875 0.3703125 0.0703125 0.08828125
9 0.67734375 0.42109375 0.07734375 0.09765625
8 0.81328125 0.4390625 0.1296875 0.1328125