2 0.51640625 0.653125 0.0390625 0.0640625
10 0.43984375 0.66875 0.05 0.090625
3 0.82890625 0.94609375 0.046875 0.021875
7 0.27734375 0.63203125 0.065625 0.1
1 0.43046875 0.62734375 0.05625 0.1
9 0.53359375 0.60859375 0.034375 0.0375
8 0.34765625 0.56015625 0.046875 0.065625
4 0.52265625 0.5625 0.053125 0.0875
11 0.1640625 0.5015625 0.065625 0.05625
6 0.4390625 0.5015625 0.046875 0.065625
5 0.609375 0.49765625 0.053125 0.05625
0 0.53125 0.4375 0.046875 0.065625
2 0.709375 0.43828125 0.0625 0.0625
3 0.821875 0.35859375 0.059375 0.046875
6 0.2515625 0.29921875 0.0703125 0.059375