1 0.2140625 0.73671875 0.0734375 0.10625
3 0.79453125 0.60234375 0.0484375 0.053125
0 0.74296875 0.57734375 0.05625 0.078125
4 0.68046875 0.5375 0.075 0.096875
5 0.6125 0.5625 0.0484375 0.0625
9 0.54453125 0.59921875 0.040625 0.053125
10 0.48046875 0.58671875 0.05625 0.0984375
2 0.5625 0.521875 0.053125 0.0625
6 0.48515625 0.48515625 0.0515625 0.071875
8 0.33671875 0.4859375 0.0625 0.071875
7 0.19296875 0.5125 0.1 0.1046875
11 0.23828125 0.334375 0.0734375 0.059375
6 0.57890625 0.228125 0.0625 0.0625