4 0.6265625 0.7390625 0.04375 0.084375
3 0.83359375 0.69921875 0.025 0.04375
2 0.80234375 0.68125 0.04375 0.0546875
5 0.85546875 0.63984375 0.05 0.0546875
5 0.7953125 0.56953125 0.053125 0.0578125
3 0.74140625 0.4984375 0.0453125 0.05
1 0.58828125 0.64765625 0.046875 0.096875
10 0.45390625 0.7203125 0.0375 0.0875
0 0.415625 0.68515625 0.0359375 0.06875
7 0.33046875 0.65234375 0.05 0.0875
6 0.359375 0.575 0.0421875 0.0734375
8 0.4859375 0.5296875 0.04375 0.06875
6 0.61640625 0.546875 0.04375 0.075
2 0.62734375 0.48203125 0.046875 0.06875
3 0.146875 0.48203125 0.053125 0.0546875
3 0.2921875 0.4125 0.0484375 0.0515625
11 0.06484375 0.35703125 0.0765625 0.0640625