4 0.49453125 0.75 0.04375 0.078125
5 0.76796875 0.70625 0.04375 0.05
3 0.5 0.28203125 0.0390625 0.0359375
3 0.30703125 0.296875 0.0546875 0.040625
11 0.365625 0.15234375 0.05625 0.040625
3 0.696875 0.77265625 0.0265625 0.040625
2 0.69140625 0.740625 0.034375 0.053125
5 0.77578125 0.60703125 0.04375 0.05
1 0.55546875 0.621875 0.040625 0.078125
10 0.35 0.6671875 0.0609375 0.0734375
0 0.3484375 0.61171875 0.0484375 0.05625
6 0.65703125 0.52265625 0.0421875 0.05625
3 0.7859375 0.5171875 0.0390625 0.0375
2 0.71484375 0.46015625 0.0421875 0.05
6 0.41328125 0.46484375 0.046875 0.05
8 0.56328125 0.46484375 0.0375 0.053125
7 0.321875 0.52890625 0.065625 0.075