5 0.52578125 0.234375 0.0359375 0.05703125
4 0.43046875 0.246875 0.04453125 0.1
3 0.5078125 0.2703125 0.0328125 0.05
3 0.475 0.30234375 0.03359375 0.05
3 0.4125 0.31640625 0.03515625 0.0515625
3 0.33359375 0.33671875 0.040625 0.053125
0 0.225 0.30546875 0.04921875 0.08046875
5 0.0890625 0.36796875 0.059375 0.065625
3 0.2609375 0.36171875 0.04296875 0.05234375
3 0.2015625 0.38125 0.0453125 0.0546875
2 0.125 0.45390625 0.075 0.06875
3 0.2203125 0.43125 0.05078125 0.05625
3 0.4359375 0.40859375 0.04140625 0.05703125
2 0.57578125 0.30078125 0.04453125 0.06875
9 0.73359375 0.3453125 0.0453125 0.0515625
8 0.6875 0.365625 0.0609375 0.06875
10 0.5609375 0.4078125 0.06796875 0.103125
11 0.47109375 0.45234375 0.04921875 0.065625
8 0.30546875 0.5046875 0.06640625 0.07109375
9 0.74375 0.41015625 0.05234375 0.0546875
0 0.6125 0.45546875 0.05703125 0.0828125
11 0.53046875 0.503125 0.053125 0.065625
6 0.45 0.52265625 0.05234375 0.084375
9 0.50625 0.57578125 0.05078125 0.05625
9 0.43359375 0.62265625 0.053125 0.05859375
9 0.31875 0.6828125 0.05546875 0.06171875
9 0.8625 0.4265625 0.05 0.0546875
9 0.81796875 0.453125 0.05625 0.05625
9 0.74140625 0.475 0.053125 0.05546875
6 0.83203125 0.51484375 0.0796875 0.0828125
7 0.7546875 0.52890625 0.09453125 0.11875
1 0.503125 0.65546875 0.07421875 0.1203125