5 0.1625 0.44140625 0.0640625 0.05
2 0.184375 0.490625 0.0734375 0.053125
3 0.225 0.465625 0.0515625 0.0421875
0 0.2109375 0.56796875 0.078125 0.046875
1 0.21953125 0.63515625 0.103125 0.0546875
3 0.278125 0.5125 0.05 0.0421875
3 0.303125 0.5859375 0.05 0.040625
4 0.271875 0.72109375 0.09375 0.0625
3 0.33671875 0.67421875 0.053125 0.04375
0 0.296875 0.803125 0.071875 0.05625
3 0.37421875 0.75703125 0.05 0.046875
2 0.34140625 0.8734375 0.06875 0.0609375
5 0.384375 0.95 0.0625 0.059375
3 0.40390625 0.8203125 0.05 0.046875
3 0.45390625 0.5609375 0.05 0.046875
3 0.43125 0.36875 0.046875 0.0484375
11 0.52734375 0.0265625 0.05625 0.053125
8 0.56328125 0.0953125 0.059375 0.078125
6 0.5984375 0.1546875 0.059375 0.0703125
7 0.64375 0.221875 0.075 0.09375
10 0.678125 0.3296875 0.0703125 0.0828125
6 0.73515625 0.4171875 0.053125 0.059375
8 0.77734375 0.5171875 0.0609375 0.059375
11 0.81640625 0.6140625 0.053125 0.059375
9 0.47109375 0.07578125 0.05 0.0625
9 0.5125 0.165625 0.05 0.0546875
9 0.54296875 0.23046875 0.046875 0.05625
9 0.5828125 0.31796875 0.046875 0.053125
9 0.634375 0.403125 0.04375 0.05
9 0.66640625 0.48359375 0.040625 0.05
9 0.70625 0.56796875 0.04375 0.046875
9 0.753125 0.6640625 0.046875 0.05