6 0.36328125 0.21640625 0.046875 0.0703125
0 0.61171875 0.23984375 0.05234375 0.0671875
6 0.78203125 0.25703125 0.06328125 0.0625
4 0.2359375 0.29296875 0.0765625 0.08125
11 0.44453125 0.3015625 0.0453125 0.0578125
1 0.690625 0.3671875 0.08125 0.075
5 0.41796875 0.44375 0.04609375 0.04765625
9 0.23203125 0.428125 0.05390625 0.0421875
3 0.79765625 0.4484375 0.0578125 0.03984375
3 0.515625 0.50859375 0.04296875 0.034375
3 0.1609375 0.4765625 0.05703125 0.03828125
3 0.60546875 0.56171875 0.05 0.03359375
9 0.415625 0.55078125 0.0421875 0.03359375
3 0.22265625 0.56015625 0.05546875 0.03515625
10 0.7984375 0.58046875 0.09453125 0.0484375
2 0.1234375 0.6234375 0.07421875 0.04140625
2 0.28046875 0.66640625 0.07421875 0.03671875
9 0.4765625 0.71484375 0.0453125 0.03671875
8 0.65234375 0.715625 0.07109375 0.040625
3 0.784375 0.71953125 0.05859375 0.0359375