9 0.965625 0.6640625 0.06875 0.0421875
7 0.93828125 0.77265625 0.121875 0.05625
10 0.85625 0.76015625 0.16875 0.0625
9 0.475 0.6984375 0.0921875 0.05
9 0.5953125 0.6890625 0.0875 0.046875
9 0.69609375 0.6859375 0.0875 0.04375
9 0.78671875 0.6875 0.0875 0.0421875
9 0.8859375 0.66953125 0.090625 0.0390625
5 0.40546875 0.1859375 0.09375 0.075
2 0.49921875 0.1828125 0.0828125 0.0859375
5 0.9625 0.22109375 0.075 0.0578125
2 0.91953125 0.2171875 0.09375 0.0703125
3 0.9125 0.49921875 0.08125 0.046875
3 0.73359375 0.4375 0.0875 0.05
3 0.5875 0.27109375 0.075 0.0578125
3 0.68203125 0.27265625 0.0765625 0.05625
6 0.74296875 0.78515625 0.1359375 0.053125
8 0.61484375 0.7875 0.1203125 0.0640625
11 0.4953125 0.78984375 0.1078125 0.05625
3 0.51328125 0.26796875 0.075 0.05625
3 0.78125 0.28203125 0.078125 0.053125
3 0.8578125 0.29296875 0.0765625 0.046875
0 0.59453125 0.17109375 0.10625 0.08125
4 0.6953125 0.18828125 0.13125 0.1
1 0.80234375 0.1828125 0.1578125 0.0984375
0 0.8515625 0.20703125 0.1140625 0.071875
3 0.9203125 0.2671875 0.078125 0.0515625