3 0.896875 0.30078125 0.05625 0.05
2 0.840625 0.40234375 0.0640625 0.053125
5 0.78046875 0.5078125 0.0625 0.046875
4 0.728125 0.60546875 0.0796875 0.0703125
0 0.71484375 0.41640625 0.0625 0.0515625
9 0.73125 0.70546875 0.05 0.0515625
2 0.72734375 0.80234375 0.0546875 0.0796875
6 0.64375 0.5203125 0.0515625 0.046875
1 0.65625 0.7296875 0.06875 0.090625
10 0.6703125 0.825 0.065625 0.1
8 0.5734375 0.6328125 0.04375 0.065625
7 0.52265625 0.7578125 0.05 0.096875
6 0.509375 0.25703125 0.0375 0.0625
11 0.434375 0.553125 0.034375 0.0484375