2 0.8609375 0.5625 0.0546875 0.0609375
3 0.65078125 0.334375 0.03046875 0.04296875
3 0.65859375 0.45078125 0.03671875 0.04375
3 0.43359375 0.41015625 0.03671875 0.04296875
3 0.26875 0.5171875 0.046875 0.040625
3 0.5875 0.56015625 0.03828125 0.04375
0 0.3640625 0.36953125 0.0453125 0.0625
0 0.34609375 0.45078125 0.05 0.0671875
5 0.384375 0.68515625 0.05859375 0.053125
4 0.19765625 0.68359375 0.09375 0.07734375
9 0.5078125 0.3765625 0.03359375 0.04140625
9 0.51328125 0.46015625 0.03828125 0.04140625
9 0.8171875 0.44609375 0.0375 0.0453125
9 0.746875 0.5140625 0.04140625 0.0453125
6 0.8125 0.69609375 0.06484375 0.05703125
11 0.875 0.625 0.06015625 0.0546875
7 0.403125 0.5546875 0.06484375 0.08203125
8 0.734375 0.40234375 0.03828125 0.0609375