10 0.3375 0.2421875 0.090625 0.059375
3 0.39453125 0.525 0.046875 0.034375
6 0.384375 0.7640625 0.0734375 0.05
4 0.40859375 0.30703125 0.09375 0.0625
9 0.46015625 0.3703125 0.05 0.0390625
9 0.47109375 0.44921875 0.053125 0.0375
8 0.459375 0.53984375 0.065625 0.04375
3 0.4671875 0.590625 0.05 0.040625
0 0.50234375 0.6203125 0.075 0.05
11 0.5109375 0.7078125 0.0625 0.0546875
9 0.5140625 0.53359375 0.0484375 0.040625
3 0.51171875 0.278125 0.053125 0.0421875
3 0.52421875 0.36484375 0.05 0.0375
9 0.55859375 0.34609375 0.0453125 0.04375
7 0.5828125 0.13359375 0.115625 0.0921875
2 0.61875 0.3453125 0.075 0.05
6 0.6140625 0.45078125 0.084375 0.05
3 0.5625 0.5390625 0.0515625 0.04375
0 0.61796875 0.76171875 0.084375 0.0625
5 0.625 0.55546875 0.06875 0.05625