11 0.834375 0.07734375 0.03203125 0.03828125
8 0.53828125 0.284375 0.03671875 0.053125
11 0.759375 0.43828125 0.046875 0.0515625
9 0.33125 0.5234375 0.0421875 0.0453125
6 0.35625 0.44609375 0.04140625 0.0640625
3 0.4875 0.68046875 0.0375 0.04609375
3 0.3296875 0.58828125 0.0390625 0.0453125
1 0.70625 0.38828125 0.0625 0.0890625
5 0.5015625 0.359375 0.03515625 0.05
5 0.43203125 0.2953125 0.03203125 0.04765625
0 0.5703125 0.43359375 0.0375 0.0640625
2 0.609375 0.60703125 0.0453125 0.06015625
4 0.521875 0.5375 0.05 0.078125
2 0.2140625 0.403125 0.04765625 0.05546875
9 0.94765625 0.1109375 0.0375 0.021875
9 0.9109375 0.109375 0.02578125 0.01953125
9 0.81484375 0.1046875 0.03359375 0.0203125
9 0.83125 0.11015625 0.034375 0.0203125
9 0.8484375 0.1171875 0.03046875 0.0203125
3 0.88125 0.09921875 0.0203125 0.01328125
3 0.940625 0.12890625 0.0453125 0.0140625
3 0.89921875 0.1234375 0.034375 0.01796875
3 0.86171875 0.13203125 0.04140625 0.0171875
3 0.87421875 0.11484375 0.03125 0.0203125