3 0.153125 0.97109375 0.0359375 0.04375
9 0.565625 0.98359375 0.03125 0.0328125
5 0.4140625 0.703125 0.0375 0.0546875
3 0.63359375 0.7046875 0.0375 0.0453125
2 0.33515625 0.68671875 0.03125 0.059375
5 0.0953125 0.6875 0.05625 0.05625
7 0.43515625 0.67265625 0.04375 0.09375
10 0.36015625 0.65078125 0.053125 0.084375
0 0.46796875 0.6125 0.04375 0.065625
3 0.64140625 0.59921875 0.04375 0.0421875
9 0.39765625 0.590625 0.0375 0.04375
3 0.490625 0.5609375 0.0375 0.0421875
6 0.42578125 0.54765625 0.040625 0.05625
4 0.55234375 0.52109375 0.0625 0.075
2 0.79609375 0.51953125 0.071875 0.05625
9 0.4546875 0.4875 0.0390625 0.040625
1 0.571875 0.4625 0.065625 0.075
6 0.83828125 0.45546875 0.075 0.05625
3 0.475 0.41796875 0.04375 0.040625
11 0.596875 0.409375 0.0515625 0.0484375
9 0.32421875 0.31484375 0.046875 0.0375