3 0.39296875 0.784375 0.0546875 0.046875
3 0.4375 0.490625 0.03984375 0.05078125
3 0.31171875 0.38359375 0.04453125 0.05234375
3 0.2484375 0.4109375 0.04609375 0.05234375
3 0.525 0.371875 0.046875 0.0515625
3 0.75078125 0.30546875 0.04375 0.05
5 0.56171875 0.3 0.0484375 0.0625
4 0.6453125 0.47578125 0.0796875 0.090625
8 0.87578125 0.37890625 0.071875 0.0703125
8 0.578125 0.23359375 0.04140625 0.06796875
9 0.8484375 0.46015625 0.04375 0.05234375
9 0.6234375 0.3984375 0.04609375 0.04921875
9 0.665625 0.33125 0.04453125 0.05078125
9 0.4703125 0.31015625 0.0375 0.0515625
9 0.37734375 0.43828125 0.04140625 0.05
11 0.35859375 0.31953125 0.0453125 0.06015625
6 0.6578125 0.6125 0.06484375 0.06640625
7 0.41328125 0.57890625 0.059375 0.0890625
10 0.59140625 0.66875 0.08515625 0.07890625
9 0.78828125 0.346875 0.05078125 0.05
1 0.80078125 0.4875 0.10546875 0.096875
0 0.49453125 0.4546875 0.04296875 0.0734375