7 0.05390625 0.16015625 0.1 0.0625
8 0.24375 0.50546875 0.06875 0.0375
9 0.2984375 0.634375 0.0546875 0.040625
1 0.3828125 0.05 0.1125 0.1
6 0.48359375 0.159375 0.0796875 0.078125
0 0.44375 0.503125 0.0765625 0.05
4 0.378125 0.71796875 0.1046875 0.075
5 0.3328125 0.83046875 0.0640625 0.0609375
8 0.46328125 0.928125 0.075 0.08125
0 0.53671875 0.82578125 0.08125 0.08125
5 0.58984375 0.7046875 0.065625 0.065625
3 0.51796875 0.63515625 0.053125 0.046875
6 0.5859375 0.4484375 0.078125 0.0546875
8 0.5796875 0.2671875 0.075 0.0796875
3 0.69140625 0.56875 0.05625 0.053125
2 0.69140625 0.39296875 0.075 0.075