9 0.3046875 0.565625 0.04921875 0.05546875
9 0.24765625 0.4578125 0.0421875 0.05
9 0.63515625 0.34375 0.034375 0.05
11 0.5453125 0.4 0.04140625 0.0578125
3 0.6328125 0.3921875 0.0359375 0.046875
3 0.596875 0.36875 0.03515625 0.046875
3 0.5765625 0.321875 0.0328125 0.04453125
3 0.525 0.346875 0.03125 0.0484375
3 0.3125 0.4765625 0.040625 0.04921875
3 0.1921875 0.48359375 0.04453125 0.0515625
2 0.31875 0.4046875 0.04453125 0.06796875
2 0.38125 0.43984375 0.04296875 0.06015625
8 0.23046875 0.5140625 0.0625 0.07109375
10 0.36953125 0.35703125 0.04453125 0.09609375
6 0.47109375 0.31796875 0.03203125 0.071875
6 0.48984375 0.3515625 0.03046875 0.03828125
1 0.41875 0.3265625 0.03984375 0.09765625
7 0.4859375 0.4109375 0.046875 0.103125
4 0.428125 0.39140625 0.0421875 0.09609375
5 0.4375 0.46875 0.04375 0.059375
8 0.38359375 0.49609375 0.0484375 0.0703125