3 0.353125 0.5109375 0.046875 0.0359375
9 0.43359375 0.34921875 0.05 0.040625
8 0.43515625 0.525 0.0671875 0.0453125
3 0.44140625 0.57734375 0.05 0.04375
3 0.43671875 0.4328125 0.03125 0.0375
0 0.4875 0.4375 0.071875 0.0484375
9 0.496875 0.51796875 0.0484375 0.0421875
0 0.48671875 0.6078125 0.06875 0.0515625
3 0.49296875 0.2546875 0.05 0.0484375
3 0.50859375 0.3453125 0.0484375 0.040625
9 0.55390625 0.32734375 0.0515625 0.046875
3 0.55234375 0.52265625 0.046875 0.0453125
7 0.525 0.64140625 0.065625 0.05625
11 0.55859375 0.4421875 0.05625 0.0484375
4 0.6015625 0.6375 0.0859375 0.075
5 0.6234375 0.53984375 0.059375 0.05625
6 0.61484375 0.43515625 0.071875 0.053125
2 0.61640625 0.3296875 0.06875 0.053125