6 0.62265625 0.7484375 0.04375 0.075
11 0.2234375 0.73984375 0.0546875 0.059375
2 0.3875 0.6859375 0.053125 0.059375
9 0.6328125 0.6859375 0.040625 0.0484375
9 0.70703125 0.69375 0.04375 0.0484375
9 0.76796875 0.69296875 0.0484375 0.0484375
9 0.2046875 0.70234375 0.0359375 0.025
4 0.22265625 0.65390625 0.0796875 0.0875
8 0.71015625 0.646875 0.059375 0.065625
9 0.4625 0.63203125 0.0375 0.046875
7 0.5734375 0.6125 0.05625 0.090625
8 0.653125 0.5953125 0.053125 0.0625
3 0.8 0.59140625 0.0375 0.0421875
1 0.74609375 0.55 0.084375 0.0828125
9 0.3875 0.5828125 0.040625 0.046875
0 0.471875 0.525 0.0453125 0.0609375
6 0.63984375 0.51953125 0.053125 0.0609375
9 0.56171875 0.47109375 0.040625 0.04375
3 0.28984375 0.5296875 0.05 0.040625
10 0.18828125 0.5375 0.0875 0.0796875
2 0.390625 0.47109375 0.0453125 0.05625
3 0.15859375 0.3875 0.0609375 0.046875
3 0.30078125 0.40078125 0.05 0.040625
3 0.3734375 0.39921875 0.046875 0.04375
3 0.46953125 0.3953125 0.04375 0.040625
3 0.67265625 0.390625 0.05 0.0421875
3 0.759375 0.39296875 0.0578125 0.040625
5 0.88125 0.3359375 0.078125 0.05
11 0.659375 0.32109375 0.0625 0.053125
9 0.47421875 0.32421875 0.046875 0.040625
0 0.3828125 0.31328125 0.0546875 0.05
5 0.159375 0.31875 0.071875 0.0515625