5 0.82265625 0.38359375 0.05625 0.04765625
5 0.40859375 0.23203125 0.0359375 0.04921875
2 0.65 0.625 0.046875 0.0453125
2 0.3125 0.28984375 0.03984375 0.0578125
0 0.53125 0.25625 0.03671875 0.06171875
0 0.4453125 0.5359375 0.04140625 0.0453125
4 0.67578125 0.49375 0.0671875 0.06171875
3 0.74609375 0.39296875 0.04296875 0.03828125
3 0.66484375 0.390625 0.0390625 0.03671875
3 0.55546875 0.50546875 0.0375 0.0359375
3 0.54296875 0.32890625 0.034375 0.0421875
3 0.4671875 0.4171875 0.03828125 0.03671875
3 0.39921875 0.37734375 0.0328125 0.03984375
3 0.47890625 0.30625 0.03359375 0.0421875
3 0.434375 0.28828125 0.03203125 0.040625
8 0.50546875 0.36953125 0.04296875 0.05625
6 0.31171875 0.46640625 0.046875 0.05234375
6 0.43515625 0.675 0.04375 0.03828125
11 0.58515625 0.7578125 0.04921875 0.03671875
11 0.08515625 0.51171875 0.06015625 0.0453125
7 0.3578125 0.63359375 0.0515625 0.05390625
10 0.76796875 0.465625 0.07421875 0.06640625
9 0.61015625 0.6796875 0.04296875 0.03359375
9 0.5453125 0.6578125 0.040625 0.0359375
9 0.48203125 0.6140625 0.03515625 0.0375
9 0.40546875 0.58671875 0.0375 0.03359375
9 0.42734375 0.47265625 0.034375 0.0375
9 0.32265625 0.546875 0.04296875 0.03515625
9 0.2875 0.40546875 0.03671875 0.03828125
9 0.3234375 0.3484375 0.0359375 0.03984375
1 0.53828125 0.43359375 0.05390625 0.0734375
8 0.14375 0.53515625 0.06328125 0.046875