9 0.53828125 0.25 0.0375 0.05390625
9 0.66796875 0.28125 0.0390625 0.06015625
9 0.353125 0.29140625 0.04609375 0.0546875
0 0.60546875 0.2515625 0.040625 0.090625
3 0.290625 0.32421875 0.04609375 0.05546875
6 0.27578125 0.371875 0.0703125 0.08984375
3 0.34296875 0.35 0.05390625 0.05546875
3 0.40234375 0.30703125 0.04921875 0.05234375
3 0.45390625 0.27890625 0.0359375 0.034375
11 0.4765625 0.32734375 0.0546875 0.07265625
6 0.4109375 0.35 0.06328125 0.09609375
9 0.34140625 0.40625 0.05625 0.06328125
3 0.546875 0.296875 0.03671875 0.059375
1 0.5234375 0.321875 0.078125 0.1390625
5 0.6046875 0.3046875 0.04765625 0.075
5 0.61328125 0.3484375 0.034375 0.02578125
3 0.4734375 0.39375 0.05078125 0.06171875
9 0.39765625 0.44296875 0.053125 0.065625
3 0.4828125 0.478125 0.04921875 0.0703125
2 0.5609375 0.40859375 0.05234375 0.0890625
0 0.68359375 0.31640625 0.0484375 0.0921875
9 0.7328125 0.3046875 0.02421875 0.06328125
4 0.76171875 0.33125 0.06796875 0.134375
8 0.825 0.31484375 0.0578125 0.0890625
11 0.9203125 0.34765625 0.065625 0.07890625
10 0.859375 0.35859375 0.0765625 0.1390625
8 0.68984375 0.39921875 0.05703125 0.08515625
7 0.634375 0.4234375 0.07890625 0.1484375
9 0.57890625 0.50234375 0.05546875 0.07109375
3 0.65390625 0.54765625 0.0609375 0.075
2 0.7390625 0.48125 0.06875 0.0953125
9 0.82734375 0.44140625 0.05546875 0.07265625