5 0.47734375 0.27734375 0.03359375 0.053125
3 0.42734375 0.3 0.034375 0.04375
3 0.490625 0.33984375 0.0328125 0.0453125
2 0.528125 0.303125 0.03515625 0.05859375
0 0.59453125 0.3140625 0.0359375 0.06875
3 0.5328125 0.35625 0.03515625 0.0453125
9 0.64140625 0.35078125 0.0359375 0.04765625
3 0.59453125 0.38046875 0.0359375 0.04609375
1 0.70859375 0.35625 0.059375 0.0953125
3 0.64921875 0.42421875 0.0375 0.04609375
3 0.709375 0.43671875 0.04140625 0.0453125
4 0.77890625 0.3875 0.06796875 0.08984375
5 0.8984375 0.45546875 0.0609375 0.05859375
3 0.79921875 0.46953125 0.0453125 0.04609375
3 0.86875 0.4953125 0.0578125 0.04765625
2 0.75 0.503125 0.0640625 0.05859375
9 0.61484375 0.446875 0.03671875 0.046875
6 0.625 0.49921875 0.0484375 0.06953125
0 0.49765625 0.4359375 0.040625 0.07109375
9 0.38125 0.45390625 0.03984375 0.04453125
9 0.37734375 0.5234375 0.04453125 0.0484375
7 0.50546875 0.51484375 0.053125 0.09296875
8 0.57421875 0.5640625 0.05078125 0.0609375
8 0.575 0.64296875 0.05078125 0.05703125
10 0.26328125 0.44453125 0.071875 0.0859375
9 0.13203125 0.4625 0.05234375 0.04765625
11 0.06953125 0.49609375 0.06953125 0.05625
11 0.24453125 0.62421875 0.0640625 0.05859375
9 0.4515625 0.659375 0.046875 0.05078125
6 0.36640625 0.703125 0.06015625 0.0640625
9 0.509375 0.71484375 0.04921875 0.05078125
9 0.5734375 0.753125 0.05 0.0515625