0 0.4203125 0.49453125 0.0515625 0.08671875
3 0.80625 0.3421875 0.03828125 0.03203125
3 0.5578125 0.2640625 0.02734375 0.025
11 0.7359375 0.38125 0.0453125 0.05859375
6 0.65 0.37265625 0.04140625 0.0765625
9 0.57421875 0.38515625 0.03359375 0.0484375
10 0.5015625 0.3609375 0.04296875 0.10078125
7 0.41484375 0.36484375 0.04609375 0.109375
8 0.3359375 0.3828125 0.04296875 0.06640625
9 0.22265625 0.46796875 0.05 0.05703125
9 0.5078125 0.7015625 0.05234375 0.06953125
9 0.41640625 0.6203125 0.05390625 0.06484375
9 0.40546875 0.5515625 0.046875 0.0609375
3 0.81171875 0.49609375 0.05078125 0.05703125
1 0.703125 0.4765625 0.06875 0.12109375
2 0.60234375 0.49453125 0.0453125 0.07890625
5 0.51953125 0.49921875 0.04765625 0.06796875
4 0.325 0.484375 0.0734375 0.10859375