6 0.4375 0.15390625 0.040625 0.06796875
9 0.5171875 0.4625 0.0375 0.03125
9 0.33984375 0.359375 0.04296875 0.0390625
10 0.87265625 0.46953125 0.0890625 0.05078125
8 0.746875 0.5984375 0.06875 0.0328125
2 0.41328125 0.56796875 0.053125 0.03203125
2 0.2703125 0.53671875 0.0515625 0.0375
5 0.5078125 0.36484375 0.03984375 0.0453125
4 0.33046875 0.23203125 0.06171875 0.0765625
1 0.759375 0.278125 0.07890625 0.07421875
11 0.51875 0.2296875 0.040625 0.05390625
3 0.6921875 0.4640625 0.046875 0.0328125
3 0.8671875 0.59609375 0.05390625 0.02890625
3 0.2828125 0.40703125 0.04453125 0.03359375
6 0.83515625 0.1703125 0.06171875 0.0625