7 0.5046875 0.68828125 0.03125 0.06875
6 0.41875 0.69453125 0.028125 0.05
8 0.32578125 0.66875 0.0328125 0.046875
2 0.225 0.64609375 0.034375 0.046875
6 0.2859375 0.62421875 0.0375 0.05
1 0.40546875 0.596875 0.0359375 0.071875
0 0.553125 0.628125 0.0265625 0.0515625
10 0.5890625 0.6015625 0.046875 0.0625
3 0.1953125 0.59375 0.03125 0.034375
5 0.23203125 0.5390625 0.0390625 0.04375
4 0.5484375 0.50546875 0.04375 0.0625
5 0.28359375 0.45546875 0.0390625 0.040625
2 0.375 0.44453125 0.03125 0.046875
3 0.39765625 0.39609375 0.0328125 0.034375