4 0.56328125 0.04609375 0.109375 0.0921875
5 0.5078125 0.103125 0.06171875 0.06875
3 0.45625 0.24375 0.06328125 0.05625
3 0.8984375 0.28671875 0.05546875 0.0578125
1 0.7109375 0.26484375 0.17578125 0.04765625
11 0.80234375 0.41484375 0.06640625 0.04296875
6 0.69609375 0.4125 0.06015625 0.0421875
9 0.603125 0.4125 0.0453125 0.03515625
10 0.5171875 0.403125 0.05703125 0.06015625
7 0.4203125 0.41875 0.0625 0.05859375
8 0.31796875 0.4140625 0.0578125 0.0484375
9 0.21484375 0.56484375 0.05625 0.03359375
9 0.421875 0.6859375 0.04609375 0.0390625
9 0.43046875 0.77890625 0.04765625 0.0421875
9 0.50703125 0.86171875 0.04140625 0.05078125