6 0.7296875 0.5734375 0.0484375 0.0328125
9 0.68125 0.50234375 0.0578125 0.0359375
6 0.66171875 0.55625 0.090625 0.0375
9 0.671875 0.4234375 0.05625 0.040625
1 0.63671875 0.51953125 0.134375 0.0625
3 0.63515625 0.471875 0.059375 0.0421875
3 0.64921875 0.34140625 0.05625 0.04375
3 0.6140625 0.16796875 0.0625 0.034375
2 0.5796875 0.20390625 0.0875 0.05625
9 0.62578125 0.26015625 0.0609375 0.034375
7 0.62890625 0.29140625 0.1375 0.065625
2 0.621875 0.3921875 0.0609375 0.05
3 0.67265625 0.61328125 0.053125 0.0390625
11 0.61796875 0.59765625 0.071875 0.053125
3 0.68515625 0.690625 0.053125 0.04375
9 0.65234375 0.74375 0.05625 0.0484375
3 0.63671875 0.68203125 0.05625 0.046875
3 0.60703125 0.70859375 0.05625 0.05
9 0.51484375 0.22265625 0.06875 0.0609375
10 0.50390625 0.28125 0.1328125 0.078125
8 0.56484375 0.34765625 0.0859375 0.046875
4 0.52890625 0.3953125 0.128125 0.0625
5 0.578125 0.434375 0.075 0.05
0 0.53984375 0.48671875 0.096875 0.053125
9 0.47890625 0.52421875 0.0671875 0.053125
11 0.4140625 0.32265625 0.0875 0.06875
8 0.446875 0.4359375 0.084375 0.0671875
5 0.55 0.59765625 0.0765625 0.059375
3 0.56875 0.65 0.0625 0.0515625
9 0.496875 0.63515625 0.0640625 0.059375
0 0.5375 0.7078125 0.096875 0.071875
9 0.5484375 0.79140625 0.0625 0.0625