5 0.17578125 0.23203125 0.059375 0.06328125
9 0.77421875 0.28125 0.05234375 0.05234375
2 0.23359375 0.39140625 0.06953125 0.06171875
10 0.33046875 0.3796875 0.07265625 0.09375
9 0.42734375 0.40390625 0.0421875 0.05078125
6 0.5171875 0.39609375 0.04765625 0.071875
9 0.609375 0.4046875 0.04453125 0.05078125
3 0.7171875 0.3953125 0.05 0.0515625
11 0.79296875 0.46953125 0.07109375 0.05859375
4 0.628125 0.46875 0.07265625 0.0828125
1 0.73046875 0.45078125 0.0859375 0.09375
3 0.51171875 0.46328125 0.0453125 0.04296875
0 0.43046875 0.45703125 0.0515625 0.06640625
1 0.3203125 0.44140625 0.07734375 0.09453125
5 0.221875 0.46484375 0.06875 0.0578125
3 0.51015625 0.61171875 0.046875 0.04375
2 0.75 0.69140625 0.08359375 0.05234375
6 0.875 0.68203125 0.09296875 0.05234375
3 0.28359375 0.6828125 0.059375 0.0421875