11 0.6984375 0.81015625 0.0625 0.053125
11 0.7015625 0.55078125 0.0640625 0.0421875
6 0.7140625 0.4109375 0.08125 0.0390625
9 0.66484375 0.39453125 0.053125 0.0375
9 0.67109375 0.32109375 0.0515625 0.0421875
9 0.671875 0.26015625 0.053125 0.04375
8 0.63828125 0.3078125 0.0734375 0.0546875
7 0.62109375 0.446875 0.121875 0.05625
9 0.62109375 0.565625 0.05625 0.04375
9 0.57890625 0.64453125 0.05625 0.04375
1 0.64453125 0.81875 0.1125 0.0734375
3 0.53203125 0.75390625 0.05625 0.053125
10 0.54921875 0.86796875 0.115625 0.09375
0 0.5390625 0.55 0.0875 0.05
9 0.484375 0.4453125 0.059375 0.05
8 0.5984375 0.3609375 0.0765625 0.0546875
3 0.59375 0.2046875 0.05625 0.0375
1 0.575 0.25390625 0.121875 0.084375
2 0.48671875 0.2328125 0.0796875 0.078125
3 0.4109375 0.3046875 0.0625 0.0578125
3 0.4140625 0.2046875 0.0609375 0.065625
2 0.48203125 0.6390625 0.078125 0.053125
3 0.409375 0.7453125 0.065625 0.0609375
3 0.409375 0.65625 0.0625 0.053125
3 0.409375 0.54453125 0.0625 0.053125