7 0.6125 0.40234375 0.109375 0.053125
2 0.59921875 0.3265625 0.065625 0.053125
9 0.5546875 0.2828125 0.053125 0.040625
10 0.53828125 0.25859375 0.103125 0.075
8 0.55 0.38203125 0.0671875 0.05
4 0.5203125 0.33984375 0.103125 0.071875
2 0.57265625 0.47734375 0.0671875 0.040625
5 0.53671875 0.453125 0.0625 0.046875
1 0.55234375 0.54375 0.1125 0.0546875
9 0.5890625 0.65703125 0.05 0.040625
6 0.58828125 0.7375 0.078125 0.05
6 0.615625 0.84140625 0.078125 0.053125
11 0.5078125 0.6203125 0.065625 0.05
11 0.48359375 0.821875 0.06875 0.0625
3 0.41875 0.8265625 0.059375 0.0578125
0 0.2921875 0.7953125 0.0921875 0.078125
0 0.496875 0.42265625 0.08125 0.053125
0 0.44296875 0.3859375 0.0578125 0.04375
8 0.459375 0.29453125 0.075 0.065625
9 0.47890625 0.11484375 0.05625 0.0546875
3 0.4125 0.16015625 0.059375 0.059375
9 0.37265625 0.3515625 0.0609375 0.053125
9 0.271875 0.3859375 0.0625 0.05625