9 0.53515625 0.265625 0.04375 0.05546875
0 0.62578125 0.76484375 0.075 0.065625
5 0.37265625 0.7484375 0.0734375 0.0703125
3 0.43828125 0.63984375 0.059375 0.05859375
5 0.553125 0.58359375 0.06171875 0.07265625
3 0.2109375 0.609375 0.0671875 0.0578125
4 0.4796875 0.47578125 0.06796875 0.1046875
1 0.59375 0.4171875 0.0765625 0.1125
2 0.7109375 0.3375 0.07265625 0.078125
3 0.58125 0.32578125 0.04453125 0.05859375
3 0.521875 0.309375 0.0453125 0.05859375
3 0.45234375 0.259375 0.0421875 0.059375
3 0.42890625 0.30859375 0.04921875 0.0625
11 0.50546875 0.36953125 0.05234375 0.0765625
6 0.6859375 0.5109375 0.071875 0.08046875
8 0.6765625 0.609375 0.06015625 0.07734375
9 0.36171875 0.4890625 0.053125 0.05859375
9 0.240625 0.5515625 0.0640625 0.05703125
8 0.2953125 0.62734375 0.0765625 0.078125
6 0.34453125 0.29140625 0.059375 0.08671875
10 0.284375 0.38046875 0.0828125 0.10546875
7 0.2453125 0.26953125 0.08203125 0.121875
2 0.26953125 0.4625 0.09296875 0.06796875