9 0.6671875 0.390625 0.059375 0.040625
8 0.6703125 0.590625 0.0734375 0.053125
7 0.6640625 0.6375 0.13125 0.06875
10 0.621875 0.715625 0.125 0.0828125
9 0.553125 0.7640625 0.0640625 0.059375
6 0.52265625 0.8328125 0.103125 0.0796875
11 0.44921875 0.92109375 0.0875 0.0875
3 0.33203125 0.6375 0.08125 0.0703125
4 0.6375 0.34765625 0.125 0.05
1 0.45234375 0.5375 0.159375 0.0796875
0 0.58984375 0.3921875 0.1 0.053125
5 0.5296875 0.44296875 0.0796875 0.046875
2 0.48671875 0.4921875 0.090625 0.0609375
9 0.453125 0.0859375 0.071875 0.071875
9 0.528125 0.19375 0.071875 0.0625
9 0.56015625 0.31015625 0.065625 0.0484375