7 0.6515625 0.55546875 0.103125 0.05
10 0.61015625 0.29609375 0.096875 0.059375
9 0.63359375 0.33046875 0.025 0.0296875
4 0.5796875 0.35390625 0.096875 0.059375
2 0.596875 0.41640625 0.0609375 0.040625
0 0.5421875 0.4125 0.075 0.04375
9 0.57578125 0.69296875 0.0484375 0.04375
6 0.5578125 0.76328125 0.0734375 0.059375
2 0.478125 0.80546875 0.065625 0.0671875
11 0.5078125 0.6015625 0.0609375 0.0515625
9 0.50234375 0.35703125 0.053125 0.040625
5 0.50078125 0.48828125 0.0625 0.046875
2 0.4734375 0.55234375 0.071875 0.05
1 0.446875 0.6421875 0.10625 0.06875
3 0.3796875 0.734375 0.05625 0.05625
9 0.44921875 0.2890625 0.05625 0.05
9 0.359375 0.26484375 0.0546875 0.053125
0 0.2765625 0.61015625 0.08125 0.065625