9 0.60625 0.01875 0.034375 0.0375
3 0.0265625 0.06796875 0.053125 0.04375
0 0.09609375 0.10078125 0.103125 0.0390625
11 0.0515625 0.203125 0.0703125 0.0453125
9 0.11796875 0.2015625 0.0640625 0.0390625
3 0.0546875 0.303125 0.05625 0.04375
6 0.7203125 0.29609375 0.05 0.0609375
1 0.63984375 0.2828125 0.05625 0.0875
10 0.5640625 0.284375 0.0484375 0.075
2 0.48671875 0.29765625 0.04375 0.059375
9 0.38515625 0.3109375 0.04375 0.0421875
3 0.32421875 0.30625 0.0453125 0.04375
3 0.81640625 0.3609375 0.05 0.0421875
3 0.72578125 0.35625 0.046875 0.0453125
6 0.6421875 0.3609375 0.0453125 0.059375
4 0.55234375 0.340625 0.05 0.053125
2 0.475 0.3640625 0.0453125 0.053125
3 0.39921875 0.35703125 0.040625 0.0421875
8 0.3015625 0.35234375 0.0640625 0.053125
9 0.29296875 0.421875 0.0484375 0.040625
8 0.39921875 0.4109375 0.0546875 0.0515625
5 0.4734375 0.415625 0.046875 0.046875
7 0.55 0.40234375 0.05 0.071875
11 0.64140625 0.41953125 0.046875 0.046875
3 0.74296875 0.41875 0.04375 0.0390625
9 0.821875 0.41875 0.05 0.0421875
3 0.7265625 0.4625 0.04375 0.0375