3 0.26484375 0.3296875 0.04609375 0.05546875
2 0.36484375 0.3640625 0.05 0.06796875
5 0.46875 0.3984375 0.04140625 0.05546875
0 0.384375 0.45234375 0.05234375 0.08671875
2 0.4765625 0.45234375 0.05234375 0.0734375
9 0.56640625 0.4015625 0.04453125 0.05625
10 0.596875 0.4265625 0.06953125 0.10859375
6 0.50234375 0.509375 0.05234375 0.0828125
6 0.190625 0.66875 0.07734375 0.0828125
11 0.584375 0.74921875 0.06484375 0.0734375
8 0.64453125 0.57421875 0.07578125 0.07421875
7 0.80859375 0.60703125 0.1203125 0.115625
3 0.13046875 0.01484375 0.046875 0.025
9 0.01484375 0.15703125 0.0296875 0.03203125
3 0.06328125 0.0515625 0.034375 0.0265625