2 0.83046875 0.665625 0.0640625 0.046875
2 0.7859375 0.5578125 0.065625 0.0515625
3 0.659375 0.72734375 0.040625 0.0421875
3 0.70625 0.6484375 0.0421875 0.04375
4 0.4390625 0.8 0.0625 0.084375
9 0.575 0.71953125 0.040625 0.046875
6 0.28359375 0.7765625 0.0625 0.065625
11 0.3171875 0.6796875 0.05625 0.0515625
0 0.1390625 0.62109375 0.0796875 0.0515625
5 0.4828125 0.61171875 0.0484375 0.0453125
5 0.590625 0.5484375 0.0375 0.0375
3 0.48828125 0.51484375 0.0390625 0.034375
1 0.22734375 0.503125 0.1015625 0.05625
6 0.040625 0.51015625 0.08125 0.040625
11 0.10234375 0.44609375 0.075 0.0390625
3 0.23984375 0.38359375 0.0625 0.03125
3 0.48828125 0.43203125 0.04375 0.034375
9 0.72265625 0.4171875 0.04375 0.0296875
10 0.39140625 0.31015625 0.071875 0.0453125
8 0.62734375 0.31875 0.0515625 0.040625
3 0.546875 0.2328125 0.046875 0.034375