5 0.7296875 0.4671875 0.053125 0.0375
4 0.69375 0.3859375 0.090625 0.053125
3 0.6859375 0.46328125 0.046875 0.0359375
2 0.65859375 0.540625 0.0625 0.040625
3 0.64609375 0.44453125 0.046875 0.03125
3 0.61953125 0.390625 0.046875 0.0359375
9 0.63359375 0.69765625 0.046875 0.040625
9 0.565625 0.83671875 0.05 0.05
8 0.603125 0.6640625 0.059375 0.05
9 0.56640625 0.72734375 0.046875 0.046875
9 0.53203125 0.8078125 0.0484375 0.0453125
9 0.49765625 0.746875 0.046875 0.046875
6 0.465625 0.84296875 0.06875 0.0640625
0 0.4953125 0.6296875 0.06875 0.05
10 0.534375 0.56796875 0.0875 0.05625
3 0.5234375 0.44921875 0.05 0.0390625
11 0.48046875 0.49765625 0.05625 0.046875
3 0.5859375 0.32109375 0.046875 0.040625
11 0.4359375 0.56796875 0.05625 0.046875
7 0.43515625 0.78203125 0.096875 0.078125
0 0.60078125 0.20390625 0.06875 0.059375
3 0.546875 0.2609375 0.046875 0.046875
3 0.51640625 0.21328125 0.046875 0.0484375
3 0.46484375 0.25078125 0.05 0.053125
6 0.40078125 0.50625 0.065625 0.05
9 0.35859375 0.57109375 0.046875 0.04375
8 0.39921875 0.3640625 0.059375 0.0640625
9 0.3 0.52109375 0.0484375 0.05
1 0.26796875 0.60546875 0.0828125 0.06875
9 0.2234375 0.43828125 0.046875 0.05
8 0.425 0.171875 0.05625 0.075
5 0.51328125 0.096875 0.059375 0.0625