5 0.09140625 0.3796875 0.0546875 0.0625
9 0.84453125 0.4125 0.04375 0.05234375
2 0.559375 0.32578125 0.04375 0.05859375
10 0.5453125 0.39453125 0.05546875 0.11015625
11 0.4625 0.43828125 0.04140625 0.065625
0 0.6 0.43671875 0.05 0.096875
2 0.1171875 0.4421875 0.07421875 0.0734375
4 0.42109375 0.28828125 0.03984375 0.09296875
0 0.221875 0.33203125 0.0390625 0.08125
5 0.51328125 0.28828125 0.02421875 0.05625
3 0.425 0.4078125 0.03671875 0.05390625
3 0.2109375 0.42890625 0.046875 0.05859375
3 0.19609375 0.38828125 0.03671875 0.0484375
3 0.25625 0.37890625 0.03671875 0.0546875
3 0.32578125 0.3578125 0.03828125 0.04765625
3 0.4046875 0.3453125 0.03203125 0.0484375
3 0.46484375 0.334375 0.03125 0.04765625
3 0.496875 0.31484375 0.02734375 0.046875
9 0.2984375 0.62265625 0.05625 0.0765625
9 0.42265625 0.571875 0.04921875 0.06796875
9 0.7125 0.359375 0.03671875 0.05234375
9 0.72578125 0.4046875 0.04765625 0.05078125
9 0.7234375 0.453125 0.03203125 0.05546875
9 0.80234375 0.43671875 0.04609375 0.05703125
8 0.2953125 0.4765625 0.0640625 0.07890625
8 0.66953125 0.37265625 0.05 0.06796875
6 0.81953125 0.4796875 0.06484375 0.08515625
6 0.4375 0.4859375 0.05 0.09921875
11 0.52109375 0.475 0.053125 0.07109375
7 0.7421875 0.47890625 0.0765625 0.14140625
1 0.49140625 0.58046875 0.06875 0.1546875