6 0.77578125 0.16875 0.05546875 0.071875
6 0.37734375 0.14921875 0.04375 0.07421875
11 0.4609375 0.2234375 0.04140625 0.06015625
4 0.2609375 0.21796875 0.0671875 0.09296875
1 0.7015625 0.265625 0.07421875 0.09296875
5 0.44453125 0.35234375 0.04375 0.05234375
9 0.26484375 0.34609375 0.04765625 0.0484375
3 0.2 0.39375 0.05 0.04375
10 0.82578125 0.4609375 0.09140625 0.06640625
3 0.6359375 0.45625 0.04609375 0.03984375
9 0.45078125 0.45234375 0.04140625 0.0390625
2 0.171875 0.528125 0.06640625 0.0484375
2 0.328125 0.565625 0.06640625 0.03984375
3 0.828125 0.59921875 0.05859375 0.034375
8 0.69453125 0.59921875 0.0703125 0.040625