9 0.271875 0.7609375 0.04375 0.040625
10 0.30703125 0.55390625 0.08125 0.046875
7 0.35859375 0.3953125 0.084375 0.05625
4 0.40234375 0.72265625 0.075 0.059375
0 0.46875 0.72421875 0.05625 0.053125
6 0.37421875 0.2390625 0.0609375 0.053125
1 0.45703125 0.46484375 0.078125 0.053125
9 0.41875 0.5546875 0.0421875 0.03125
3 0.59375 0.82265625 0.040625 0.0515625
3 0.6578125 0.29609375 0.0375 0.046875
6 0.54765625 0.30625 0.053125 0.0515625
8 0.4796875 0.21796875 0.05 0.0671875
2 0.59375 0.19375 0.04375 0.0703125
2 0.584375 0.73828125 0.04375 0.0640625
5 0.65703125 0.6625 0.04375 0.05625
5 0.653125 0.45625 0.04375 0.0453125
0 0.67421875 0.1921875 0.04375 0.065625
8 0.528125 0.659375 0.0453125 0.05625