9 0.621875 0.30390625 0.0375 0.0484375
3 0.55859375 0.28125 0.03125 0.05
6 0.45 0.2828125 0.0359375 0.071875
9 0.41015625 0.328125 0.034375 0.05
9 0.34921875 0.359375 0.0359375 0.046875
3 0.509375 0.31328125 0.034375 0.05
3 0.58515625 0.334375 0.0375 0.05
3 0.625 0.36015625 0.040625 0.0484375
3 0.42109375 0.38828125 0.0390625 0.05
9 0.7203125 0.4 0.046875 0.05
11 0.5359375 0.37578125 0.04375 0.059375
6 0.47421875 0.340625 0.0375 0.065625
1 0.48125 0.38671875 0.05 0.10625
2 0.37578125 0.42890625 0.05 0.0625
3 0.29609375 0.40390625 0.04375 0.04375
9 0.25078125 0.45 0.0453125 0.05
3 0.18671875 0.4875 0.053125 0.05
7 0.3 0.453125 0.0671875 0.1
2 0.25 0.51953125 0.0625 0.06875
5 0.43671875 0.46015625 0.05 0.059375
8 0.38984375 0.49296875 0.046875 0.0671875
9 0.31796875 0.5734375 0.053125 0.05
10 0.396875 0.5765625 0.0609375 0.084375
3 0.60859375 0.4125 0.03125 0.046875
5 0.58125 0.4453125 0.046875 0.059375
0 0.51484375 0.48671875 0.04375 0.06875
4 0.4609375 0.52578125 0.05625 0.0875
0 0.67578125 0.4328125 0.0484375 0.075
9 0.640625 0.48515625 0.04375 0.05
9 0.57265625 0.52890625 0.04375 0.046875
8 0.53515625 0.57890625 0.05625 0.0625
11 0.47265625 0.6375 0.05 0.059375