3 0.47578125 0.67578125 0.0375 0.04375
2 0.53828125 0.6484375 0.04375 0.053125
9 0.6078125 0.615625 0.0375 0.04375
10 0.653125 0.58671875 0.059375 0.0734375
8 0.66640625 0.50078125 0.0453125 0.05625
8 0.53125 0.56953125 0.04375 0.0515625
4 0.6015625 0.5390625 0.0546875 0.071875
7 0.47890625 0.6265625 0.05 0.0828125
9 0.43671875 0.63515625 0.0375 0.04375
9 0.3046875 0.5640625 0.04375 0.040625
3 0.36953125 0.6015625 0.0359375 0.0421875
2 0.434375 0.565625 0.0375 0.05625
5 0.4859375 0.53125 0.040625 0.05
0 0.55 0.4921875 0.04375 0.053125
9 0.609375 0.45625 0.0375 0.040625
9 0.68203125 0.4 0.046875 0.040625
9 0.5625 0.3953125 0.040625 0.0375
3 0.36640625 0.521875 0.04375 0.040625
1 0.41171875 0.4984375 0.0625 0.0703125
5 0.49453125 0.428125 0.0453125 0.04375
9 0.25078125 0.51328125 0.0515625 0.0390625
11 0.36875 0.4375 0.053125 0.0453125
6 0.1796875 0.47890625 0.065625 0.05
6 0.0453125 0.46953125 0.0828125 0.053125
11 0.2203125 0.3359375 0.06875 0.04375
3 0.28046875 0.27578125 0.0515625 0.034375
0 0.43046875 0.1765625 0.0546875 0.040625
3 0.0734375 0.12578125 0.071875 0.0390625
9 0.03515625 0.015625 0.0703125 0.03125