3 0.4875 0.69921875 0.034375 0.05
4 0.28671875 0.6421875 0.078125 0.103125
3 0.59765625 0.65 0.0390625 0.053125
9 0.37734375 0.6046875 0.046875 0.053125
9 0.46484375 0.6140625 0.0390625 0.053125
8 0.55078125 0.646875 0.040625 0.071875
11 0.7328125 0.6375 0.046875 0.065625
0 0.65234375 0.6296875 0.046875 0.0828125
9 0.575 0.5953125 0.040625 0.053125
3 0.415625 0.54765625 0.0421875 0.05
3 0.321875 0.53828125 0.0484375 0.053125
3 0.60859375 0.55390625 0.040625 0.0515625
9 0.4234375 0.5078125 0.0453125 0.05625
6 0.56640625 0.49296875 0.053125 0.084375
7 0.240625 0.4453125 0.1 0.115625
2 0.4671875 0.4625 0.05 0.0765625
5 0.66484375 0.50703125 0.0546875 0.0703125
0 0.84765625 0.5625 0.059375 0.090625