3 0.3203125 0.33671875 0.0375 0.053125
3 0.5765625 0.3921875 0.040625 0.046875
9 0.70546875 0.46953125 0.059375 0.053125
9 0.834375 0.4203125 0.05 0.05625
9 0.78828125 0.44921875 0.040625 0.05625
11 0.32890625 0.72421875 0.071875 0.08125
11 0.93671875 0.45625 0.071875 0.06875
8 0.421875 0.671875 0.059375 0.084375
8 0.3625 0.365625 0.05625 0.06875
6 0.78359375 0.509375 0.0640625 0.084375
6 0.40546875 0.51328125 0.053125 0.0859375
7 0.70390625 0.528125 0.0765625 0.11875
10 0.6140625 0.26796875 0.053125 0.0984375
9 0.20546875 0.4671875 0.053125 0.0546875
9 0.4703125 0.453125 0.0421875 0.0515625
9 0.5328125 0.54765625 0.0484375 0.059375
9 0.6328125 0.50859375 0.040625 0.0578125
9 0.27734375 0.515625 0.0484375 0.05625
0 0.57890625 0.45390625 0.05 0.0796875
0 0.21953125 0.30546875 0.053125 0.078125
5 0.0859375 0.3671875 0.059375 0.0625
5 0.525 0.23515625 0.034375 0.053125
2 0.7828125 0.378125 0.0625 0.065625
2 0.10078125 0.44609375 0.078125 0.065625
4 0.61953125 0.31875 0.059375 0.096875
3 0.40703125 0.40546875 0.0359375 0.05625
3 0.3046875 0.43125 0.04375 0.05625
3 0.18984375 0.3796875 0.046875 0.05
3 0.2484375 0.3625 0.040625 0.0515625
3 0.50390625 0.27109375 0.03125 0.046875
3 0.465625 0.30078125 0.034375 0.046875
1 0.48515625 0.35703125 0.0515625 0.109375