6 0.65390625 0.7453125 0.0609375 0.078125
8 0.29765625 0.7359375 0.075 0.065625
4 0.490625 0.753125 0.059375 0.1
1 0.58828125 0.68984375 0.071875 0.096875
10 0.4046875 0.67109375 0.0734375 0.0859375
3 0.30703125 0.6578125 0.0515625 0.05
3 0.31640625 0.56484375 0.05 0.0421875
11 0.175 0.56328125 0.071875 0.053125
5 0.30390625 0.48984375 0.0671875 0.0453125
9 0.4 0.58515625 0.0453125 0.04375
8 0.18046875 0.40859375 0.0796875 0.0421875
7 0.40859375 0.44140625 0.0734375 0.053125
9 0.51171875 0.5171875 0.05 0.040625
9 0.60390625 0.43046875 0.0546875 0.0375
5 0.4984375 0.3875 0.0546875 0.040625
0 0.6046875 0.51640625 0.0625 0.046875
11 0.71796875 0.68046875 0.0671875 0.0609375
2 0.71015625 0.6015625 0.075 0.0578125
6 0.7328125 0.51953125 0.075 0.0484375