11 0.1625 0.40625 0.07109375 0.07421875
10 0.25703125 0.4359375 0.09375 0.12578125
6 0.4828125 0.50078125 0.059375 0.10078125
3 0.39375 0.26171875 0.04140625 0.05703125
9 0.85546875 0.2921875 0.04296875 0.0609375
9 0.775 0.3453125 0.05078125 0.06171875
9 0.584375 0.2453125 0.0390625 0.06015625
9 0.48046875 0.22578125 0.03984375 0.05390625
9 0.3984375 0.309375 0.04296875 0.059375
8 0.74921875 0.2125 0.04609375 0.0734375
3 0.10625 0.53984375 0.07421875 0.06875
3 0.40078125 0.36015625 0.04765625 0.0625
3 0.31796875 0.265625 0.04375 0.06015625
3 0.60390625 0.1890625 0.03203125 0.05234375
3 0.91328125 0.48984375 0.06796875 0.065625
2 0.59609375 0.45078125 0.05859375 0.08359375
5 0.678125 0.2546875 0.04765625 0.06875
0 0.4703125 0.33828125 0.05 0.09375
0 0.684375 0.2859375 0.05078125 0.09296875
4 0.709375 0.37578125 0.07890625 0.12734375
6 0.8203125 0.17109375 0.05 0.084375