9 0.85703125 0.53359375 0.0890625 0.0640625
9 0.0484375 0.5265625 0.0796875 0.07109375
9 0.2546875 0.2921875 0.05390625 0.06640625
9 0.59453125 0.225 0.05390625 0.0625
6 0.2171875 0.34765625 0.08125 0.1015625
11 0.4625 0.2546875 0.0453125 0.08203125
10 0.66328125 0.2828125 0.071875 0.1296875
8 0.75234375 0.315625 0.0671875 0.09140625
3 0.89921875 0.30859375 0.0625 0.06328125
3 0.2609375 0.5734375 0.06640625 0.0609375
2 0.35 0.2703125 0.046875 0.08515625
2 0.40859375 0.36484375 0.06328125 0.075
5 0.52265625 0.29921875 0.05390625 0.07890625
0 0.62734375 0.37890625 0.05703125 0.09375
0 0.4578125 0.47734375 0.0609375 0.09140625
5 0.2890625 0.43515625 0.06015625 0.07734375
6 0.64296875 0.46953125 0.07578125 0.0921875
7 0.8265625 0.36015625 0.115625 0.13671875