2 0.78125 0.3859375 0.04765625 0.05703125
11 0.7109375 0.16640625 0.03671875 0.05
3 0.59609375 0.20234375 0.02734375 0.03984375
3 0.72109375 0.24375 0.0328125 0.0421875
6 0.54765625 0.28828125 0.0328125 0.065625
8 0.659375 0.33828125 0.04296875 0.05859375
7 0.43359375 0.2828125 0.04609375 0.0890625
6 0.68984375 0.409375 0.0484375 0.0609375
3 0.8015625 0.465625 0.04609375 0.040625
1 0.521875 0.4296875 0.04375 0.08671875
5 0.72734375 0.5375 0.05 0.05078125
0 0.34921875 0.359375 0.0421875 0.06484375
10 0.2859375 0.39140625 0.065625 0.07578125
4 0.290625 0.5390625 0.071875 0.0734375
2 0.496875 0.65390625 0.04296875 0.0515625
5 0.62265625 0.653125 0.046875 0.046875
3 0.446875 0.71953125 0.0453125 0.03984375
9 0.76171875 0.034375 0.040625 0.025
11 0.6328125 0.01484375 0.04453125 0.02890625
3 0.7203125 0.0125 0.02890625 0.025