11 0.0578125 0.53125 0.065625 0.06875
8 0.11875 0.4984375 0.05625 0.071875
6 0.16953125 0.47109375 0.05 0.0796875
9 0.125 0.56640625 0.0515625 0.05625
9 0.1984375 0.5296875 0.05 0.059375
9 0.325 0.4671875 0.046875 0.0515625
10 0.31875 0.39921875 0.075 0.1
9 0.39375 0.41796875 0.046875 0.053125
6 0.38984375 0.34375 0.0609375 0.08125
9 0.46484375 0.3875 0.05 0.05625
8 0.4796875 0.2953125 0.0609375 0.08125
9 0.54140625 0.3484375 0.05 0.05625
11 0.56875 0.253125 0.059375 0.071875
9 0.63046875 0.30078125 0.0546875 0.059375
9 0.25234375 0.503125 0.053125 0.0515625
7 0.225 0.4375 0.08125 0.1125
3 0.3984375 0.578125 0.0421875 0.053125
3 0.5703125 0.55078125 0.0453125 0.0546875
5 0.5046875 0.76171875 0.0421875 0.059375
2 0.54453125 0.74453125 0.040625 0.06875
3 0.515625 0.7171875 0.0375 0.05
3 0.55 0.67890625 0.0375 0.05
0 0.6078125 0.7265625 0.040625 0.078125
3 0.6125 0.65625 0.040625 0.05
1 0.66640625 0.72265625 0.04375 0.10625
4 0.73984375 0.68046875 0.0546875 0.1
3 0.68984375 0.62734375 0.040625 0.053125
0 0.809375 0.65390625 0.05 0.078125
3 0.76015625 0.5953125 0.040625 0.053125
3 0.81484375 0.56953125 0.04375 0.053125
2 0.8703125 0.6140625 0.0546875 0.071875
5 0.93671875 0.578125 0.05625 0.06875