8 0.465625 0.28046875 0.05 0.078125
1 0.6390625 0.26953125 0.071875 0.1359375
10 0.2484375 0.3 0.078125 0.128125
5 0.40390625 0.59921875 0.0703125 0.09375
2 0.678125 0.50625 0.078125 0.09375
3 0.44765625 0.509375 0.0609375 0.06875
5 0.55390625 0.44140625 0.059375 0.08125
0 0.678125 0.3765625 0.065625 0.0984375
4 0.4609375 0.35703125 0.05625 0.13125
2 0.2359375 0.3734375 0.078125 0.08125
8 0.3015625 0.50234375 0.0796875 0.1
9 0.22578125 0.4546875 0.0625 0.0734375
9 0.3421875 0.39296875 0.053125 0.06875
6 0.55625 0.32578125 0.053125 0.1
3 0.2 0.50078125 0.065625 0.071875