10 0.5609375 0.49765625 0.121875 0.0625
8 0.903125 0.4265625 0.0390625 0.0625
3 0.9796875 0.25546875 0.01875 0.04375
2 0.959375 0.35390625 0.03125 0.053125
11 0.91796875 0.24609375 0.028125 0.059375
6 0.87265625 0.02265625 0.021875 0.0453125
3 0.92421875 0.19921875 0.021875 0.03125
3 0.92734375 0.62109375 0.021875 0.04375
9 0.93515625 0.7046875 0.01875 0.034375
9 0.91640625 0.70546875 0.015625 0.0390625
3 0.91640625 0.665625 0.025 0.028125
2 0.90078125 0.70078125 0.034375 0.065625
9 0.8734375 0.70546875 0.0296875 0.03125
9 0.91796875 0.83359375 0.021875 0.040625
9 0.90859375 0.80859375 0.025 0.028125
3 0.896875 0.82890625 0.040625 0.034375
3 0.91171875 0.86875 0.03125 0.0234375
3 0.9078125 0.959375 0.0296875 0.03125
5 0.878125 0.93984375 0.03125 0.0625
9 0.91015625 0.90859375 0.0203125 0.046875
0 0.896875 0.9265625 0.025 0.0484375
4 0.88125 0.9796875 0.084375 0.040625
3 0.9046875 0.77578125 0.025 0.025