9 0.69921875 0.48046875 0.0390625 0.04375
9 0.65703125 0.53359375 0.0390625 0.04375
9 0.59765625 0.5796875 0.040625 0.04375
9 0.44921875 0.63203125 0.04375 0.0421875
9 0.37265625 0.61796875 0.04375 0.0390625
9 0.3859375 0.37421875 0.04375 0.0375
9 0.27265625 0.32109375 0.0484375 0.0390625
9 0.35703125 0.87265625 0.046875 0.0515625
11 0.38828125 0.9390625 0.053125 0.06875
11 0.54375 0.77578125 0.05 0.0625
10 0.35390625 0.7390625 0.08125 0.06875
7 0.45859375 0.50703125 0.078125 0.0515625
6 0.45 0.3796875 0.0625 0.0515625
6 0.6359375 0.66875 0.05 0.05625
8 0.51328125 0.43984375 0.05 0.0578125
8 0.59453125 0.45703125 0.04375 0.05
2 0.20390625 0.43671875 0.0671875 0.0390625
5 0.1640625 0.48671875 0.0578125 0.0375
5 0.421875 0.08125 0.05 0.065625
0 0.225 0.365625 0.0734375 0.04375
0 0.3640625 0.49765625 0.06875 0.0375
4 0.33671875 0.1875 0.084375 0.084375
1 0.2921875 0.2515625 0.090625 0.0734375
3 0.1875 0.5453125 0.046875 0.0390625
3 0.2421875 0.48359375 0.0515625 0.034375
3 0.26875 0.44140625 0.05 0.0375
3 0.30546875 0.38203125 0.046875 0.040625
3 0.36171875 0.33359375 0.0453125 0.04375
3 0.38125 0.2734375 0.04375 0.046875
3 0.43125 0.190625 0.046875 0.05625
3 0.46328125 0.13125 0.0421875 0.0640625
2 0.4640625 0.24921875 0.05 0.071875