7 0.4078125 0.659375 0.053125 0.1109375
10 0.68203125 0.61015625 0.06875 0.103125
9 0.6453125 0.6375 0.03125 0.025
4 0.62109375 0.57890625 0.06875 0.103125
8 0.55703125 0.60625 0.04375 0.0484375
0 0.55859375 0.540625 0.05 0.08125
9 0.61484375 0.49765625 0.04375 0.05625
5 0.4765625 0.49921875 0.05 0.065625
2 0.40703125 0.47109375 0.053125 0.075
11 0.35625 0.509375 0.0546875 0.065625
9 0.259375 0.58359375 0.046875 0.053125
6 0.18203125 0.56640625 0.0625 0.08125
2 0.13125 0.48203125 0.0734375 0.071875
1 0.31015625 0.44453125 0.071875 0.115625
3 0.20625 0.3734375 0.0609375 0.059375
8 0.5375 0.3734375 0.05625 0.0828125
9 0.6875 0.440625 0.0546875 0.059375
9 0.7140625 0.34375 0.059375 0.059375
0 0.3390625 0.25703125 0.0703125 0.090625