6 0.540625 0.2625 0.03515625 0.065625
6 0.5296875 0.32265625 0.03515625 0.06171875
9 0.47578125 0.3578125 0.03203125 0.0421875
7 0.35703125 0.40859375 0.06484375 0.08125
9 0.3234375 0.575 0.046875 0.03984375
8 0.4 0.5125 0.046875 0.05546875
11 0.57421875 0.41875 0.0375 0.0515625
2 0.63515625 0.325 0.03359375 0.0546875
3 0.74375 0.37890625 0.034375 0.04140625
1 0.68984375 0.40078125 0.0515625 0.08046875
2 0.6234375 0.45078125 0.0390625 0.053125
5 0.57265625 0.48359375 0.03984375 0.04765625
0 0.5109375 0.52265625 0.04296875 0.05546875
4 0.446875 0.55234375 0.06015625 0.0671875
10 0.375 0.5890625 0.0671875 0.065625
9 0.3578125 0.7078125 0.05 0.04140625
9 0.55 0.56640625 0.0390625 0.0390625
9 0.6265625 0.61171875 0.040625 0.0390625
9 0.74921875 0.62890625 0.0421875 0.0421875
0 0.865625 0.4453125 0.053125 0.0625
3 0.48671875 0.703125 0.0421875 0.0375
8 0.7375 0.52890625 0.05390625 0.0515625