3 0.81171875 0.6578125 0.071875 0.071875
2 0.65625 0.6 0.075 0.090625
10 0.2578125 0.33359375 0.0625 0.1
8 0.34453125 0.4015625 0.0453125 0.071875
4 0.253125 0.4125 0.0625 0.1125
9 0.225 0.48515625 0.04375 0.0609375
3 0.36484375 0.50390625 0.0453125 0.0625
3 0.2890625 0.5453125 0.0515625 0.0625
9 0.1359375 0.52421875 0.0609375 0.065625
9 0.06640625 0.60859375 0.065625 0.0671875
8 0.22265625 0.6140625 0.075 0.09375
9 0.35234375 0.75234375 0.0609375 0.084375
7 0.5609375 0.51484375 0.075 0.1328125
2 0.48984375 0.59375 0.05625 0.09375
5 0.38671875 0.628125 0.059375 0.0875
5 0.571875 0.64921875 0.065625 0.0859375
6 0.49609375 0.67890625 0.06875 0.1109375
9 0.8515625 0.334375 0.053125 0.034375