3 0.08125 0.79765625 0.053125 0.053125
3 0.36796875 0.9765625 0.034375 0.046875
11 0.184375 0.69765625 0.0625 0.05625
6 0.28203125 0.70546875 0.053125 0.065625
9 0.3703125 0.7 0.040625 0.046875
10 0.44921875 0.71796875 0.05625 0.0859375
7 0.5515625 0.709375 0.05625 0.090625
8 0.6390625 0.70390625 0.053125 0.065625
9 0.73984375 0.5671875 0.0515625 0.0421875
9 0.553125 0.446875 0.0421875 0.0375
9 0.54375 0.36484375 0.046875 0.0328125
9 0.46640625 0.28125 0.04375 0.0375
3 0.15078125 0.51015625 0.059375 0.0390625
1 0.259375 0.50703125 0.084375 0.059375
2 0.3625 0.5125 0.04375 0.053125
5 0.44609375 0.509375 0.05 0.0484375
0 0.5453125 0.50703125 0.046875 0.0453125
4 0.634375 0.51171875 0.0734375 0.0640625