6 0.76953125 0.91328125 0.09375 0.0875
6 0.70703125 0.821875 0.090625 0.0796875
9 0.696875 0.71484375 0.0625 0.059375
7 0.65859375 0.40546875 0.1296875 0.06875
2 0.63046875 0.2984375 0.0875 0.0703125
2 0.62734375 0.51953125 0.075 0.059375
1 0.59609375 0.65 0.1234375 0.096875
11 0.5625 0.74921875 0.071875 0.084375
5 0.56171875 0.5203125 0.071875 0.059375
8 0.57265625 0.4234375 0.0671875 0.0625
9 0.56171875 0.2703125 0.0328125 0.05
10 0.4984375 0.290625 0.103125 0.096875
4 0.49296875 0.41875 0.1 0.08125
0 0.484375 0.5296875 0.0796875 0.059375
9 0.40390625 0.521875 0.05625 0.05625
8 0.396875 0.40234375 0.071875 0.078125
9 0.375 0.13515625 0.0578125 0.08125
3 0.28984375 0.2703125 0.0546875 0.0703125
9 0.2921875 0.546875 0.053125 0.0640625
9 0.171875 0.675 0.053125 0.0796875