5 0.1953125 0.4453125 0.0671875 0.06875
0 0.51484375 0.64296875 0.0421875 0.0796875
2 0.403125 0.49140625 0.0578125 0.065625
9 0.42578125 0.58203125 0.0390625 0.0515625
9 0.60078125 0.66796875 0.034375 0.05
9 0.68125 0.63125 0.040625 0.053125
9 0.74921875 0.74296875 0.0359375 0.0484375
9 0.7921875 0.52890625 0.0515625 0.053125
9 0.821875 0.475 0.0484375 0.05625
9 0.8296875 0.4234375 0.0625 0.05625
6 0.50625 0.55 0.04375 0.08125
6 0.92734375 0.54375 0.0703125 0.084375
8 0.709375 0.4875 0.0671875 0.0734375
11 0.8640625 0.625 0.059375 0.0640625
11 0.81484375 0.74296875 0.04375 0.0578125
10 0.678125 0.72265625 0.053125 0.096875
7 0.6140625 0.603125 0.053125 0.1125
8 0.61171875 0.5328125 0.053125 0.071875
5 0.315625 0.74609375 0.0375 0.0515625
2 0.30859375 0.709375 0.05 0.0640625
0 0.275 0.68125 0.046875 0.075
9 0.27421875 0.6328125 0.0375 0.053125
1 0.2484375 0.61484375 0.071875 0.1109375
4 0.228125 0.56015625 0.0765625 0.1015625
3 0.37890625 0.74453125 0.03125 0.046875
3 0.38203125 0.696875 0.0328125 0.046875
3 0.36953125 0.6734375 0.0328125 0.04375
3 0.35625 0.63359375 0.040625 0.05
3 0.36875 0.5796875 0.0375 0.05
3 0.3359375 0.54765625 0.040625 0.053125
3 0.30625 0.48125 0.053125 0.0546875
3 0.29140625 0.4359375 0.059375 0.053125