9 0.05078125 0.90546875 0.040625 0.025
9 0.08984375 0.90703125 0.028125 0.0203125
11 0.16953125 0.9375 0.034375 0.0421875
9 0.16484375 0.90859375 0.021875 0.0125
9 0.18203125 0.91328125 0.015625 0.009375
9 0.1484375 0.903125 0.01875 0.0109375
3 0.140625 0.88046875 0.046875 0.01875
3 0.06171875 0.884375 0.046875 0.021875
3 0.11875 0.91953125 0.0171875 0.009375
3 0.13984375 0.89453125 0.0125 0.00625
3 0.09296875 0.8890625 0.01875 0.0171875
5 0.58515625 0.69609375 0.0359375 0.05
5 0.515625 0.63203125 0.0375 0.05
1 0.3109375 0.60546875 0.059375 0.090625
11 0.25703125 0.55546875 0.046875 0.0515625
0 0.45 0.55703125 0.0375 0.0625
6 0.66484375 0.53984375 0.046875 0.0625
2 0.803125 0.58203125 0.053125 0.0546875
9 0.6890625 0.46171875 0.0453125 0.04375
4 0.50078125 0.4484375 0.0484375 0.0765625
3 0.690625 0.39609375 0.04375 0.04375
3 0.53515625 0.30390625 0.04375 0.0453125
2 0.41328125 0.3796875 0.046875 0.059375