4 0.69921875 0.78359375 0.1 0.0765625
10 0.3984375 0.28984375 0.1109375 0.08125
11 0.20546875 0.7609375 0.0703125 0.0859375
11 0.45625 0.61171875 0.06875 0.059375
8 0.4828125 0.75 0.075 0.0703125
8 0.6203125 0.3109375 0.075 0.05625
6 0.3140625 0.5203125 0.08125 0.065625
6 0.55 0.32890625 0.084375 0.05625
9 0.3140625 0.76484375 0.0609375 0.0703125
9 0.33671875 0.67109375 0.0640625 0.05625
9 0.38515625 0.571875 0.059375 0.05
9 0.41484375 0.4640625 0.0625 0.05
9 0.45703125 0.35078125 0.059375 0.046875
9 0.48984375 0.2890625 0.0625 0.053125
9 0.5109375 0.203125 0.059375 0.053125
9 0.54453125 0.0984375 0.0546875 0.059375
1 0.484375 0.1296875 0.1234375 0.0984375
0 0.48203125 0.509375 0.08125 0.0484375
0 0.7515625 0.5609375 0.078125 0.0375
5 0.65078125 0.9234375 0.0640625 0.065625
5 0.7609375 0.4234375 0.059375 0.0390625
3 0.6 0.51796875 0.0515625 0.0484375
3 0.68203125 0.38984375 0.05625 0.0375
3 0.65859375 0.66953125 0.053125 0.04375
3 0.63671875 0.74296875 0.0515625 0.046875
3 0.63671875 0.83828125 0.053125 0.05
3 0.68359375 0.58671875 0.053125 0.040625
3 0.7 0.5125 0.0515625 0.0375
3 0.71328125 0.45703125 0.05 0.034375
2 0.71171875 0.32265625 0.071875 0.04375
2 0.58515625 0.81015625 0.0734375 0.0703125
7 0.37109375 0.3953125 0.11875 0.06875