7 0.63515625 0.36171875 0.103125 0.053125
9 0.640625 0.5109375 0.046875 0.034375
6 0.66015625 0.5796875 0.071875 0.0390625
8 0.54765625 0.3328125 0.03125 0.046875
9 0.49375 0.215625 0.053125 0.0359375
10 0.471875 0.25390625 0.0953125 0.075
11 0.5640625 0.5671875 0.059375 0.04375
2 0.6296875 0.6875 0.0625 0.04375
3 0.55078125 0.77109375 0.05 0.046875
1 0.5546875 0.69453125 0.096875 0.071875
2 0.52421875 0.5984375 0.0671875 0.046875
5 0.50625 0.525 0.059375 0.046875
0 0.49296875 0.43828125 0.0734375 0.04375
4 0.48515625 0.3515625 0.09375 0.06875
9 0.4359375 0.45078125 0.05 0.04375
9 0.36875 0.49765625 0.053125 0.046875
9 0.309375 0.61796875 0.05625 0.053125
0 0.4578125 0.8609375 0.075 0.071875