2 0.46875 0.50625 0.0625 0.075
9 0.59375 0.728125 0.03125 0.028125
8 0.39765625 0.715625 0.05625 0.06875
7 0.34765625 0.696875 0.075 0.11875
10 0.271875 0.64921875 0.0921875 0.10625
9 0.2328125 0.58125 0.059375 0.05625
6 0.16796875 0.54296875 0.084375 0.084375
11 0.0953125 0.47265625 0.084375 0.06875
3 0.33046875 0.35546875 0.065625 0.0625
1 0.4171875 0.46015625 0.084375 0.1203125
9 0.65078125 0.5859375 0.0453125 0.059375
5 0.51953125 0.55234375 0.05 0.06875
0 0.57578125 0.61484375 0.05 0.0875
4 0.61640625 0.66875 0.053125 0.1125
9 0.75234375 0.55 0.053125 0.0625
9 0.834375 0.46796875 0.0625 0.059375