9 0.24296875 0.3484375 0.0625 0.0671875
3 0.48046875 0.24140625 0.0609375 0.06171875
7 0.5984375 0.30703125 0.115625 0.11953125
8 0.49375 0.3203125 0.06484375 0.08125
10 0.440625 0.3453125 0.10625 0.1078125
9 0.76484375 0.38515625 0.06875 0.0578125
0 0.56015625 0.41953125 0.090625 0.08515625
6 0.68828125 0.45625 0.09609375 0.08046875
5 0.38515625 0.44140625 0.07890625 0.07421875
11 0.27734375 0.45390625 0.075 0.078125
0 0.665625 0.55703125 0.0984375 0.08203125
2 0.4765625 0.54140625 0.08984375 0.08046875
2 0.2828125 0.5375 0.0921875 0.0796875
9 0.26875 0.62734375 0.0734375 0.0640625
6 0.41171875 0.6703125 0.0921875 0.08359375
5 0.565625 0.65234375 0.0921875 0.0734375
3 0.74453125 0.7171875 0.0765625 0.059375