6 0.4734375 0.36015625 0.03671875 0.05703125
4 0.58359375 0.37421875 0.04765625 0.071875
1 0.503125 0.4 0.0421875 0.07421875
11 0.4140625 0.39375 0.03828125 0.04609375
2 0.40078125 0.44453125 0.04609375 0.046875
11 0.76953125 0.5375 0.053125 0.0421875
6 0.365625 0.49375 0.04296875 0.04765625
0 0.4515625 0.5109375 0.04140625 0.04765625
9 0.5171875 0.525 0.03671875 0.03671875
5 0.66171875 0.57265625 0.0484375 0.040625
9 0.43203125 0.5734375 0.03828125 0.03671875
8 0.7375 0.64453125 0.05859375 0.040625