3 0.33671875 0.35703125 0.053125 0.04375
3 0.36328125 0.5109375 0.05625 0.0421875
8 0.3765625 0.4703125 0.075 0.053125
9 0.42734375 0.40078125 0.05625 0.0484375
9 0.45703125 0.315625 0.0546875 0.05625
0 0.3703125 0.5890625 0.0859375 0.05
7 0.38359375 0.671875 0.1234375 0.059375
4 0.41953125 0.74140625 0.115625 0.0640625
5 0.484375 0.684375 0.071875 0.05625
9 0.4203125 0.528125 0.05625 0.0453125
0 0.44296875 0.465625 0.084375 0.05625
3 0.50546875 0.4015625 0.053125 0.046875
3 0.540625 0.30859375 0.05625 0.059375
9 0.54296875 0.44375 0.059375 0.053125
3 0.4515625 0.5921875 0.05625 0.046875
11 0.4921875 0.54765625 0.0703125 0.05625
2 0.57890625 0.52578125 0.0765625 0.065625
6 0.521875 0.6078125 0.0859375 0.05625