7 0.5078125 0.76640625 0.03125 0.075
9 0.0734375 0.446875 0.046875 0.04375
1 0.221875 0.5375 0.053125 0.0875
6 0.2375 0.4359375 0.04375 0.065625
8 0.24375 0.32890625 0.0578125 0.059375
6 0.36328125 0.26953125 0.046875 0.065625
0 0.5015625 0.37109375 0.040625 0.0640625
0 0.69765625 0.17734375 0.071875 0.065625
2 0.646875 0.534375 0.04375 0.05
5 0.86796875 0.36171875 0.0625 0.053125
2 0.25390625 0.2015625 0.065625 0.059375
5 0.56328125 0.178125 0.05625 0.059375
3 0.38828125 0.1421875 0.0453125 0.05
3 0.56328125 0.26484375 0.04375 0.046875
9 0.71796875 0.45390625 0.0421875 0.040625
8 0.85078125 0.21015625 0.075 0.0640625
4 0.7203125 0.35546875 0.075 0.08125