8 0.33671875 0.35234375 0.04453125 0.07109375
7 0.41875 0.3375 0.046875 0.11484375
10 0.509375 0.34296875 0.04921875 0.10625
9 0.584375 0.375 0.0390625 0.05
6 0.6640625 0.36953125 0.046875 0.08359375
11 0.7578125 0.38671875 0.05 0.0640625
9 0.19296875 0.428125 0.05078125 0.0578125
9 0.36328125 0.703125 0.06171875 0.06875
9 0.31171875 0.6046875 0.05859375 0.06796875
9 0.3328125 0.53203125 0.0484375 0.06171875
0 0.36328125 0.47265625 0.05546875 0.0875
4 0.26953125 0.4546875 0.078125 0.1171875
5 0.4703125 0.48984375 0.04921875 0.0734375
2 0.55625 0.49296875 0.04921875 0.0828125
1 0.66015625 0.48671875 0.07265625 0.1296875
3 0.78671875 0.5203125 0.05625 0.0640625