6 0.83125 0.77578125 0.071875 0.05625
6 0.85078125 0.37734375 0.075 0.04375
11 0.7765625 0.4609375 0.059375 0.040625
4 0.78203125 0.2609375 0.09375 0.0671875
1 0.734375 0.7015625 0.09375 0.075
5 0.64765625 0.44453125 0.053125 0.04375
9 0.65390625 0.26484375 0.0484375 0.046875
3 0.60625 0.2 0.04375 0.05
10 0.5390625 0.82578125 0.065625 0.090625
3 0.54375 0.6359375 0.040625 0.046875
9 0.54765625 0.45078125 0.0390625 0.040625
2 0.471875 0.171875 0.0484375 0.065625
2 0.434375 0.328125 0.040625 0.065625
3 0.40078125 0.828125 0.034375 0.059375
8 0.40078125 0.69453125 0.040625 0.0703125