1 0.25390625 0.2671875 0.1125 0.059375
4 0.28828125 0.10078125 0.103125 0.08125
9 0.39140625 0.5859375 0.05625 0.0421875
10 0.39375 0.525 0.109375 0.05625
8 0.48125 0.3734375 0.078125 0.0546875
7 0.44375 0.2296875 0.125 0.084375
6 0.4875 0.521875 0.084375 0.053125
2 0.43203125 0.796875 0.071875 0.071875
3 0.4484375 0.934375 0.05625 0.0625
5 0.4265625 0.6578125 0.06875 0.053125
2 0.459375 0.60625 0.0703125 0.0671875
0 0.4921875 0.6734375 0.0875 0.0640625
11 0.61875 0.259375 0.071875 0.06875
6 0.7390625 0.61640625 0.0875 0.0703125