9 0.83046875 0.3546875 0.0203125 0.034375
3 0.87265625 0.46171875 0.0125 0.0203125
9 0.6421875 0.28359375 0.03125 0.03125
6 0.6796875 0.4046875 0.0484375 0.03125
9 0.6921875 0.4546875 0.03125 0.025
2 0.6859375 0.49609375 0.0421875 0.025
11 0.67890625 0.546875 0.03125 0.0265625
5 0.64609375 0.540625 0.0390625 0.028125
9 0.6640625 0.6234375 0.034375 0.025
2 0.6421875 0.46171875 0.04375 0.03125
3 0.596875 0.3171875 0.0328125 0.03125
5 0.63515625 0.38671875 0.0390625 0.03125
0 0.5984375 0.41640625 0.0484375 0.0328125
0 0.60078125 0.52421875 0.05 0.0296875
10 0.6328125 0.58984375 0.0625 0.03125
6 0.56875 0.4765625 0.0484375 0.03125
7 0.5765625 0.5953125 0.065625 0.034375
8 0.60078125 0.61484375 0.046875 0.028125
3 0.5734375 0.6875 0.034375 0.028125
9 0.50703125 0.52265625 0.034375 0.028125