3 0.41328125 0.8375 0.046875 0.021875
9 0.06015625 0.72890625 0.0484375 0.040625
9 0.528125 0.81640625 0.053125 0.01875
9 0.52578125 0.8 0.025 0.01875
9 0.48671875 0.78203125 0.025 0.0171875
9 0.6359375 0.65078125 0.0390625 0.05625
8 0.55625 0.6796875 0.040625 0.0703125
8 0.56953125 0.615625 0.040625 0.0703125
3 0.4921875 0.68046875 0.0328125 0.053125
3 0.50234375 0.6328125 0.0390625 0.0484375
9 0.459375 0.65703125 0.034375 0.05
5 0.52890625 0.58125 0.046875 0.06875
7 0.47109375 0.5703125 0.065625 0.11875
2 0.3796875 0.646875 0.046875 0.025
4 0.40234375 0.58671875 0.06875 0.109375
11 0.41796875 0.4921875 0.0546875 0.071875
10 0.31875 0.61328125 0.0703125 0.103125
6 0.34296875 0.52890625 0.065625 0.0890625
1 0.2578125 0.5796875 0.08125 0.11875
6 0.19921875 0.51953125 0.06875 0.0875
3 0.26328125 0.475 0.0640625 0.059375
3 0.40625 0.41484375 0.0515625 0.0625
3 0.334375 0.42890625 0.0546875 0.0609375
3 0.1859375 0.415625 0.065625 0.0625
9 0.2609375 0.378125 0.065625 0.065625
0 0.6015625 0.81875 0.0734375 0.028125
0 0.4140625 0.80859375 0.0578125 0.046875
3 0.52421875 0.83515625 0.04375 0.0234375
3 0.62578125 0.759375 0.0375 0.0328125