6 0.5734375 0.2703125 0.0328125 0.0484375
9 0.50234375 0.31875 0.0359375 0.0578125
6 0.55625 0.33828125 0.03828125 0.09140625
9 0.4234375 0.328125 0.04140625 0.05625
1 0.51953125 0.36328125 0.0625 0.134375
3 0.471875 0.36484375 0.0421875 0.059375
3 0.34140625 0.35078125 0.04296875 0.05546875
3 0.16796875 0.3859375 0.034375 0.06171875
2 0.20390625 0.4203125 0.05625 0.08671875
9 0.26015625 0.37421875 0.03515625 0.0609375
7 0.29140625 0.37109375 0.06640625 0.1375
2 0.3921875 0.378125 0.05078125 0.0609375
3 0.61328125 0.32734375 0.0390625 0.05390625
11 0.59765625 0.38203125 0.05390625 0.07109375
3 0.690625 0.31484375 0.04296875 0.05234375
9 0.74375 0.34765625 0.0484375 0.05703125
3 0.68203125 0.36328125 0.04765625 0.05625
3 0.70859375 0.39296875 0.05078125 0.05703125
9 0.22265625 0.48515625 0.0609375 0.06875
10 0.28125 0.49609375 0.07890625 0.1328125
8 0.34765625 0.43515625 0.04765625 0.0859375
4 0.3953125 0.47109375 0.06171875 0.128125
5 0.434375 0.421875 0.05078125 0.07421875
0 0.48671875 0.46015625 0.053125 0.096875
9 0.52421875 0.52109375 0.05390625 0.0671875
11 0.32265625 0.5859375 0.06796875 0.0875
8 0.4359375 0.553125 0.0671875 0.08515625
5 0.59765625 0.45 0.059375 0.0765625
3 0.65 0.43125 0.0515625 0.06171875
9 0.63515625 0.503125 0.05859375 0.0640625
0 0.7078125 0.4625 0.07109375 0.096875
9 0.79140625 0.4515625 0.06171875 0.0625