6 0.44296875 0.78046875 0.040625 0.075
6 0.4703125 0.71015625 0.040625 0.071875
9 0.53828125 0.6765625 0.0375 0.0484375
11 0.30390625 0.65390625 0.05 0.059375
11 0.44375 0.5859375 0.0453125 0.05625
1 0.51953125 0.58125 0.05 0.0921875
2 0.6328125 0.5671875 0.05625 0.053125
5 0.59140625 0.52421875 0.05 0.053125
3 0.2390625 0.60625 0.05 0.046875
0 0.1203125 0.50703125 0.078125 0.0609375
7 0.7265625 0.55859375 0.075 0.0875
2 0.79453125 0.51015625 0.059375 0.0640625
9 0.76953125 0.440625 0.05 0.0453125
10 0.7140625 0.41171875 0.078125 0.071875
8 0.66328125 0.5015625 0.0546875 0.0625
4 0.61953125 0.4453125 0.065625 0.071875
0 0.540625 0.471875 0.046875 0.05625
9 0.50625 0.415625 0.0453125 0.040625
8 0.58125 0.37265625 0.0609375 0.046875
9 0.434375 0.35078125 0.0484375 0.040625
9 0.3 0.31171875 0.0578125 0.0421875
9 0.76171875 0.2765625 0.0609375 0.040625
3 0.61328125 0.2640625 0.0484375 0.0390625