10 0.68125 0.2703125 0.0671875 0.08828125
3 0.425 0.375 0.03828125 0.04921875
6 0.15859375 0.40625 0.0578125 0.075
8 0.74375 0.3609375 0.0625 0.0625
10 0.66953125 0.3671875 0.075 0.090625
9 0.62734375 0.4328125 0.04296875 0.04765625
9 0.559375 0.45859375 0.04296875 0.04765625
3 0.415625 0.48046875 0.04296875 0.04921875
11 0.3328125 0.56015625 0.053125 0.0578125
9 0.50703125 0.5265625 0.0421875 0.046875
3 0.73828125 0.47734375 0.05078125 0.04765625
3 0.67109375 0.50546875 0.04765625 0.04453125
8 0.62578125 0.559375 0.0625 0.06328125
9 0.7125 0.5453125 0.05390625 0.0484375
7 0.9140625 0.53984375 0.11484375 0.0875
2 0.7546875 0.60546875 0.07421875 0.06171875
6 0.665625 0.62578125 0.06953125 0.065625
5 0.56796875 0.65859375 0.05859375 0.05625
3 0.4328125 0.60390625 0.04609375 0.04609375
0 0.3703125 0.70390625 0.0546875 0.0640625
0 0.26171875 0.71328125 0.05859375 0.065625