6 0.37734375 0.2515625 0.04453125 0.07421875
11 0.7765625 0.26015625 0.05390625 0.05859375
2 0.6125 0.3140625 0.05390625 0.06015625
9 0.3671875 0.3140625 0.040625 0.0484375
9 0.29296875 0.30625 0.04453125 0.0484375
9 0.23203125 0.30703125 0.0484375 0.0484375
9 0.7953125 0.29765625 0.0359375 0.02421875
4 0.77734375 0.34609375 0.07890625 0.0875
8 0.28984375 0.353125 0.05859375 0.06484375
9 0.5375 0.36796875 0.03828125 0.04765625
7 0.4265625 0.3875 0.05546875 0.090625
8 0.346875 0.4046875 0.053125 0.06328125
3 0.2 0.40859375 0.03828125 0.0421875
1 0.25390625 0.45 0.08515625 0.0828125
9 0.6125 0.4171875 0.03984375 0.04609375
0 0.528125 0.475 0.0453125 0.0609375
6 0.36015625 0.48046875 0.05390625 0.0609375
9 0.43828125 0.52890625 0.04140625 0.04453125
3 0.71015625 0.4703125 0.04921875 0.03984375
10 0.81171875 0.4625 0.0875 0.0796875
2 0.609375 0.52890625 0.0453125 0.05703125
3 0.84140625 0.6125 0.0609375 0.04609375
3 0.69921875 0.59921875 0.04921875 0.04140625
3 0.6265625 0.60078125 0.04609375 0.04296875
3 0.53046875 0.6046875 0.04296875 0.04140625
3 0.32734375 0.609375 0.05078125 0.0421875
3 0.240625 0.60703125 0.0578125 0.040625
5 0.11875 0.6640625 0.07734375 0.05
11 0.340625 0.67890625 0.06328125 0.05234375
9 0.52578125 0.67578125 0.04765625 0.040625
0 0.6171875 0.68671875 0.05390625 0.05
5 0.840625 0.68125 0.07109375 0.05078125