2 0.653125 0.48359375 0.0640625 0.0390625
10 0.66875 0.56015625 0.090625 0.05
3 0.94609375 0.17109375 0.021875 0.046875
7 0.63203125 0.72265625 0.1 0.065625
1 0.62734375 0.56953125 0.1 0.05625
9 0.60859375 0.46640625 0.0375 0.034375
8 0.56015625 0.65234375 0.065625 0.046875
4 0.5625 0.47734375 0.0875 0.053125
11 0.5015625 0.8359375 0.05625 0.065625
6 0.5015625 0.5609375 0.065625 0.046875
5 0.49765625 0.390625 0.05625 0.053125
0 0.4375 0.46875 0.065625 0.046875
2 0.43828125 0.290625 0.0625 0.0625
3 0.35859375 0.178125 0.046875 0.059375
6 0.29921875 0.7484375 0.059375 0.06875