3 0.24453125 0.38359375 0.05625 0.0578125
9 0.52265625 0.728125 0.028125 0.0171875
5 0.29296875 0.32578125 0.0765625 0.0796875
11 0.11171875 0.6921875 0.053125 0.0484375
11 0.36328125 0.7265625 0.040625 0.059375
6 0.4828125 0.75625 0.0375 0.0765625
9 0.57578125 0.72734375 0.0375 0.046875
9 0.628125 0.73984375 0.0265625 0.040625
8 0.61484375 0.7046875 0.040625 0.05625
8 0.59453125 0.65625 0.0515625 0.06875
7 0.52265625 0.665625 0.0515625 0.1125
9 0.1203125 0.64375 0.0375 0.053125
9 0.403125 0.646875 0.0375 0.053125
6 0.6234375 0.60546875 0.0515625 0.078125
9 0.58359375 0.54765625 0.04375 0.053125
1 0.69765625 0.6515625 0.075 0.1078125
2 0.746875 0.58125 0.06875 0.0671875
0 0.47578125 0.5765625 0.0453125 0.078125
9 0.3609375 0.59609375 0.040625 0.053125
4 0.1671875 0.6328125 0.075 0.1
3 0.29609375 0.5359375 0.04375 0.05
2 0.43125 0.51171875 0.0484375 0.06875
10 0.19765625 0.53203125 0.08125 0.10625
3 0.72734375 0.51171875 0.053125 0.053125
3 0.79453125 0.53046875 0.05625 0.053125
5 0.9265625 0.5171875 0.075 0.065625
3 0.5484375 0.4703125 0.046875 0.05625
3 0.45546875 0.44921875 0.0484375 0.053125
3 0.384375 0.43203125 0.05 0.05625
0 0.521875 0.390625 0.0546875 0.08125
9 0.59609375 0.415625 0.05 0.05625