9 0.5203125 0.03203125 0.0296875 0.04140625
3 0.9375 0.0578125 0.0390625 0.04296875
5 0.4484375 0.20390625 0.0359375 0.05234375
2 0.378125 0.3234375 0.04765625 0.0515625
10 0.4359375 0.3390625 0.05625 0.078125
5 0.32734375 0.36796875 0.05078125 0.05078125
7 0.38671875 0.375 0.0640625 0.08125
9 0.49453125 0.38125 0.034375 0.04140625
6 0.5515625 0.4015625 0.0390625 0.05859375
9 0.84453125 0.396875 0.046875 0.04453125
0 0.4515625 0.415625 0.04375 0.05859375
9 0.61640625 0.43515625 0.03203125 0.0421875
3 0.50859375 0.44609375 0.0375 0.0375
3 0.703125 0.46171875 0.040625 0.04375
4 0.56796875 0.4796875 0.0515625 0.0703125
1 0.646875 0.5 0.053125 0.0734375
3 0.23359375 0.51640625 0.0515625 0.0375
3 0.40625 0.53984375 0.040625 0.03984375
11 0.69375 0.53828125 0.046875 0.0484375
2 0.49609375 0.65859375 0.05 0.053125
6 0.58828125 0.70390625 0.04921875 0.046875