2 0.50625 0.53125 0.075 0.0625
9 0.728125 0.40625 0.028125 0.03125
8 0.715625 0.60234375 0.06875 0.05625
7 0.696875 0.65234375 0.11875 0.075
10 0.64921875 0.728125 0.10625 0.090625
9 0.58125 0.7671875 0.05625 0.059375
6 0.54296875 0.83203125 0.084375 0.084375
11 0.47265625 0.9046875 0.06875 0.084375
3 0.35546875 0.66953125 0.0625 0.065625
1 0.46015625 0.5828125 0.1203125 0.084375
9 0.5859375 0.34921875 0.059375 0.0453125
5 0.55234375 0.48046875 0.06875 0.05
0 0.61484375 0.42421875 0.0875 0.05
4 0.66875 0.38359375 0.1125 0.053125
9 0.55 0.24765625 0.0625 0.053125
9 0.46796875 0.165625 0.059375 0.0625