1 0.26328125 0.2140625 0.10625 0.071875
3 0.39765625 0.79453125 0.053125 0.0484375
0 0.42265625 0.74296875 0.078125 0.05625
4 0.4625 0.68046875 0.096875 0.075
5 0.4375 0.6125 0.0625 0.0484375
9 0.40078125 0.54453125 0.053125 0.040625
10 0.41328125 0.48046875 0.0984375 0.05625
2 0.478125 0.5625 0.0625 0.053125
6 0.51484375 0.48515625 0.071875 0.0515625
8 0.5140625 0.33671875 0.071875 0.0625
7 0.4875 0.19296875 0.1046875 0.1
11 0.665625 0.23828125 0.059375 0.0734375
6 0.771875 0.57890625 0.0625 0.0625