11 0.51875 0.7765625 0.03125 0.053125
10 0.52890625 0.74375 0.0375 0.096875
9 0.47109375 0.75390625 0.03125 0.046875
3 0.36953125 0.65390625 0.0375 0.05
3 0.1609375 0.63125 0.046875 0.05
5 0.09375 0.60234375 0.059375 0.0609375
2 0.15390625 0.57578125 0.071875 0.05
3 0.23359375 0.590625 0.046875 0.0515625
0 0.1796875 0.52734375 0.06875 0.0765625
3 0.26875 0.5625 0.0453125 0.0515625
3 0.315625 0.52265625 0.046875 0.053125
9 0.24296875 0.4859375 0.053125 0.053125
4 0.3640625 0.403125 0.071875 0.096875
9 0.4625 0.64921875 0.034375 0.05
0 0.44609375 0.59765625 0.046875 0.0765625
9 0.5625 0.64765625 0.040625 0.05
7 0.59765625 0.6109375 0.053125 0.1078125
11 0.6859375 0.6984375 0.0453125 0.059375
6 0.8015625 0.65625 0.053125 0.075
9 0.75078125 0.6109375 0.04375 0.05
9 0.453125 0.52265625 0.040625 0.05
3 0.434375 0.42734375 0.04375 0.053125
6 0.55234375 0.5234375 0.04375 0.075
2 0.56328125 0.4390625 0.046875 0.071875
3 0.49375 0.38359375 0.046875 0.0515625
5 0.50390625 0.28359375 0.059375 0.06875
8 0.65 0.56328125 0.05 0.05625
1 0.65078125 0.503125 0.0640625 0.1078125
9 0.82265625 0.584375 0.046875 0.05
9 0.87578125 0.55703125 0.053125 0.053125
8 0.75625 0.56015625 0.059375 0.0703125
3 0.7703125 0.48125 0.046875 0.05625