9 0.2578125 0.2453125 0.0640625 0.04375
9 0.47578125 0.34921875 0.04453125 0.06484375
9 0.5390625 0.40859375 0.04609375 0.0640625
9 0.56796875 0.6171875 0.06171875 0.0703125
9 0.75546875 0.58671875 0.05859375 0.07578125
8 0.76796875 0.43359375 0.07578125 0.08359375
7 0.434375 0.446875 0.0625 0.14140625
3 0.34609375 0.36015625 0.046875 0.06640625
3 0.271875 0.340625 0.04921875 0.059375
3 0.65390625 0.35 0.0421875 0.06171875
0 0.54921875 0.50390625 0.0546875 0.1
5 0.6109375 0.45859375 0.05859375 0.0765625
6 0.91328125 0.41015625 0.0828125 0.096875