10 0.66640625 0.74140625 0.075 0.096875
8 0.52421875 0.725 0.0484375 0.0703125
4 0.57265625 0.6953125 0.053125 0.1046875
9 0.51640625 0.63671875 0.0484375 0.053125
3 0.39765625 0.67421875 0.04375 0.0484375
3 0.40546875 0.63125 0.040625 0.0421875
9 0.5296875 0.5890625 0.0515625 0.053125
3 0.728125 0.55546875 0.0609375 0.05
3 0.6015625 0.49609375 0.059375 0.05625
9 0.4796875 0.52890625 0.0515625 0.05625
9 0.33125 0.634375 0.046875 0.046875
7 0.2265625 0.7390625 0.053125 0.125
2 0.23515625 0.64296875 0.05625 0.0375
6 0.25546875 0.5828125 0.05625 0.0859375
8 0.36328125 0.578125 0.0625 0.0734375
3 0.42890625 0.4453125 0.053125 0.0609375
5 0.271875 0.5015625 0.0578125 0.0765625
11 0.55625 0.40625 0.0734375 0.0734375
0 0.33125 0.36171875 0.071875 0.0953125
0 0.39375 0.27890625 0.0796875 0.096875
6 0.90390625 0.37578125 0.1109375 0.0828125