11 0.58515625 0.28125 0.04375 0.05
11 0.471875 0.6328125 0.04375 0.0390625
8 0.66484375 0.5515625 0.053125 0.0375
8 0.3 0.6296875 0.053125 0.046875
5 0.38359375 0.55390625 0.05 0.0359375
5 0.26171875 0.43671875 0.053125 0.0375
2 0.49140625 0.29375 0.040625 0.053125
6 0.66015625 0.31875 0.0546875 0.0484375
6 0.40078125 0.28359375 0.05 0.053125
1 0.58671875 0.3640625 0.059375 0.059375
4 0.66953125 0.425 0.0734375 0.05
0 0.403125 0.3640625 0.05 0.046875
9 0.309375 0.371875 0.05 0.0375
9 0.409375 0.425 0.040625 0.034375
9 0.490625 0.49453125 0.0390625 0.028125
10 0.5734375 0.48203125 0.05625 0.040625
7 0.31484375 0.490625 0.0765625 0.0375
3 0.4703125 0.54765625 0.0375 0.0296875
3 0.57421875 0.55 0.040625 0.028125