5 0.98125 0.46640625 0.0375 0.0328125
6 0.73046875 0.23203125 0.0546875 0.06484375
6 0.64453125 0.290625 0.046875 0.05859375
9 0.56328125 0.3015625 0.03828125 0.04375
9 0.4828125 0.2921875 0.0359375 0.04140625
9 0.31875 0.30859375 0.04296875 0.04375
3 0.40078125 0.30078125 0.03984375 0.04296875
3 0.24140625 0.3015625 0.046875 0.04453125
2 0.23046875 0.35546875 0.0578125 0.05859375
2 0.4 0.36171875 0.05 0.05234375
3 0.48671875 0.35546875 0.0359375 0.03984375
7 0.309375 0.34140625 0.065625 0.07578125
11 0.74765625 0.40546875 0.05546875 0.04921875
11 0.56796875 0.41484375 0.0453125 0.04765625
1 0.48984375 0.396875 0.0515625 0.0671875
5 0.40078125 0.4140625 0.04765625 0.04765625
8 0.3265625 0.4109375 0.053125 0.05078125
9 0.215625 0.421875 0.05078125 0.03828125
10 0.225 0.4671875 0.0796875 0.059375
3 0.7640625 0.4734375 0.05078125 0.034375
5 0.50078125 0.48828125 0.0453125 0.040625
0 0.40234375 0.47890625 0.04765625 0.0421875
4 0.3171875 0.47265625 0.07265625 0.05625
8 0.30546875 0.54140625 0.06015625 0.040625
9 0.3953125 0.534375 0.0390625 0.03359375
9 0.48515625 0.54765625 0.04140625 0.03046875
9 0.40546875 0.61015625 0.04140625 0.03046875
0 0.77265625 0.60625 0.06875 0.03671875