5 0.66875 0.74296875 0.0546875 0.05
3 0.64296875 0.69140625 0.046875 0.040625
4 0.6828125 0.62734375 0.0921875 0.05625
3 0.62734375 0.628125 0.046875 0.0390625
3 0.63203125 0.559375 0.046875 0.0328125
3 0.63671875 0.47890625 0.046875 0.034375
0 0.684375 0.41796875 0.071875 0.034375
3 0.63515625 0.40390625 0.046875 0.034375
3 0.634375 0.34765625 0.046875 0.0359375
5 0.66796875 0.28359375 0.05625 0.040625
2 0.603125 0.7109375 0.065625 0.046875
3 0.59765625 0.315625 0.0515625 0.040625
2 0.60625 0.2328125 0.065625 0.053125
3 0.559375 0.48828125 0.053125 0.040625
9 0.51953125 0.8265625 0.053125 0.053125
8 0.52109375 0.74765625 0.0671875 0.0578125
10 0.53046875 0.56953125 0.1 0.0625
11 0.5203125 0.47109375 0.059375 0.0453125
8 0.5296875 0.3015625 0.0703125 0.05625
0 0.47421875 0.57578125 0.08125 0.053125
11 0.4640625 0.46875 0.0640625 0.05
8 0.4796875 0.38203125 0.0796875 0.05
9 0.41953125 0.384375 0.0546875 0.046875
9 0.4625 0.76328125 0.0546875 0.05625
9 0.40625 0.86796875 0.0578125 0.065625
9 0.4 0.790625 0.059375 0.059375
9 0.41171875 0.6875 0.0578125 0.0484375
9 0.41171875 0.29140625 0.053125 0.04375
9 0.4078125 0.16015625 0.059375 0.059375
1 0.3765625 0.2765625 0.125 0.078125
6 0.3484375 0.71484375 0.0859375 0.06875
7 0.37421875 0.60390625 0.121875 0.0765625