3 0.35703125 0.328125 0.03984375 0.0484375
9 0.43359375 0.3265625 0.03828125 0.0484375
8 0.57421875 0.325 0.04375 0.06640625
1 0.6875 0.34921875 0.0671875 0.09765625
3 0.75859375 0.378125 0.0453125 0.046875
10 0.77890625 0.41328125 0.07734375 0.08828125
9 0.59453125 0.38125 0.03828125 0.04765625
0 0.59765625 0.428125 0.04453125 0.06875
3 0.43125 0.36953125 0.0375 0.046875
3 0.3421875 0.37734375 0.0484375 0.04453125
6 0.265625 0.37109375 0.0546875 0.06953125
4 0.14453125 0.4125 0.0890625 0.08828125
9 0.26328125 0.4296875 0.04765625 0.046875
6 0.35 0.41953125 0.05078125 0.06953125
9 0.2375 0.48515625 0.0484375 0.0484375
3 0.23125 0.55390625 0.05234375 0.04375
2 0.33671875 0.5390625 0.0609375 0.0609375
5 0.41875 0.54375 0.05078125 0.0546875
3 0.4875 0.37890625 0.03671875 0.046875
3 0.51640625 0.4328125 0.0390625 0.046875
11 0.4296875 0.4265625 0.0453125 0.0578125
5 0.52890625 0.471875 0.0453125 0.05703125
9 0.60625 0.48515625 0.03984375 0.04765625
11 0.6859375 0.48671875 0.05390625 0.05390625
9 0.23671875 0.6171875 0.05859375 0.04765625
8 0.41015625 0.59609375 0.0546875 0.06171875
9 0.60390625 0.53515625 0.04140625 0.04609375
0 0.7875 0.55 0.06640625 0.0625
3 0.21015625 0.68515625 0.06328125 0.0453125
2 0.3078125 0.6875 0.07421875 0.05234375
9 0.4203125 0.703125 0.0515625 0.0484375
7 0.81640625 0.703125 0.10078125 0.07421875