5 0.309375 0.72265625 0.05625 0.04375
2 0.31484375 0.64453125 0.0640625 0.040625
0 0.30390625 0.571875 0.0734375 0.0375
9 0.32109375 0.5078125 0.05 0.0359375
1 0.296875 0.43828125 0.1046875 0.046875
4 0.3046875 0.3609375 0.096875 0.05
5 0.3265625 0.23828125 0.0578125 0.046875
3 0.36015625 0.22890625 0.053125 0.040625
3 0.35625 0.29375 0.04375 0.0375
2 0.38671875 0.2921875 0.06875 0.05
3 0.3578125 0.38359375 0.05 0.034375
3 0.36640625 0.43828125 0.0484375 0.0375
3 0.3515625 0.5203125 0.05 0.0375
3 0.35078125 0.59609375 0.046875 0.0375
3 0.3515625 0.6515625 0.0484375 0.0359375
3 0.33984375 0.75 0.046875 0.040625
0 0.40546875 0.53984375 0.08125 0.0421875
7 0.44296875 0.4515625 0.11875 0.05
8 0.51796875 0.29140625 0.075 0.053125
9 0.5234375 0.48984375 0.059375 0.046875
8 0.4453125 0.7453125 0.071875 0.05625
6 0.4984375 0.68359375 0.084375 0.0609375
11 0.5140625 0.58125 0.0578125 0.0453125
10 0.54765625 0.59140625 0.109375 0.071875
9 0.5796875 0.37578125 0.0609375 0.046875
9 0.59609375 0.27265625 0.0625 0.053125
9 0.59609375 0.1875 0.0625 0.0625
6 0.6546875 0.38515625 0.0921875 0.059375
9 0.55625 0.68125 0.05625 0.0515625
9 0.559375 0.778125 0.059375 0.05625
9 0.55546875 0.8984375 0.059375 0.0625
11 0.60078125 0.92890625 0.071875 0.0828125