6 0.80078125 0.45390625 0.04375 0.040625
11 0.74921875 0.3625 0.071875 0.05625
1 0.721875 0.4625 0.121875 0.0609375
4 0.73046875 0.590625 0.1125 0.06875
10 0.6390625 0.60390625 0.1015625 0.078125
2 0.6875 0.3046875 0.071875 0.071875
8 0.64609375 0.753125 0.075 0.084375
6 0.64140625 0.22421875 0.0796875 0.0765625
9 0.559375 0.5546875 0.053125 0.046875
3 0.5796875 0.6890625 0.0546875 0.05625
9 0.54921875 0.40703125 0.053125 0.053125
0 0.5921875 0.32578125 0.078125 0.06875
3 0.50859375 0.61328125 0.05 0.053125
9 0.51484375 0.26015625 0.05625 0.065625
11 0.453125 0.73984375 0.059375 0.0765625
5 0.44296875 0.5640625 0.0578125 0.059375
7 0.45625 0.42890625 0.084375 0.071875
5 0.4390625 0.30859375 0.0625 0.0734375
8 0.32109375 0.6125 0.059375 0.0703125