5 0.28203125 0.3140625 0.053125 0.040625
2 0.31640625 0.28828125 0.0546875 0.046875
0 0.34765625 0.26484375 0.065625 0.0484375
1 0.390625 0.2125 0.0921875 0.06875
4 0.44921875 0.20078125 0.078125 0.0765625
0 0.4953125 0.1625 0.0625 0.0625
2 0.5640625 0.11484375 0.059375 0.071875
5 0.62265625 0.0921875 0.053125 0.071875
3 0.30078125 0.39296875 0.04375 0.03125
3 0.3265625 0.3671875 0.04375 0.034375
3 0.37890625 0.32265625 0.04375 0.04375
3 0.42265625 0.315625 0.04375 0.040625
3 0.47109375 0.27734375 0.04375 0.040625
3 0.51953125 0.26171875 0.04375 0.0453125
3 0.5796875 0.203125 0.04375 0.053125
3 0.63359375 0.190625 0.046875 0.053125
11 0.36171875 0.803125 0.053125 0.05
11 0.40859375 0.80234375 0.05 0.0625
6 0.44921875 0.7890625 0.0609375 0.0609375
7 0.4828125 0.78828125 0.084375 0.08125
10 0.54921875 0.7796875 0.0734375 0.08125
6 0.6109375 0.76328125 0.05625 0.0640625
8 0.68671875 0.7578125 0.05 0.0734375
11 0.759375 0.7296875 0.05 0.0625
9 0.7328125 0.628125 0.04375 0.05
9 0.67734375 0.6453125 0.040625 0.05
9 0.60703125 0.66796875 0.04375 0.0421875
9 0.54296875 0.6765625 0.04375 0.0421875
9 0.4890625 0.6953125 0.04375 0.0453125
9 0.446875 0.70546875 0.0421875 0.04375
9 0.39921875 0.71640625 0.04375 0.040625
9 0.3578125 0.73359375 0.04375 0.0421875