9 0.21640625 0.65546875 0.103125 0.065625
8 0.55078125 0.109375 0.065625 0.1015625
8 0.2234375 0.28125 0.084375 0.0765625
11 0.38359375 0.12890625 0.078125 0.084375
4 0.20234375 0.48671875 0.1328125 0.065625
1 0.2546875 0.590625 0.140625 0.078125
11 0.28125 0.72890625 0.0765625 0.071875
2 0.35234375 0.72578125 0.08125 0.084375
0 0.4328125 0.61328125 0.084375 0.078125
6 0.43359375 0.75859375 0.084375 0.09375
10 0.27109375 0.3921875 0.128125 0.075
3 0.29609375 0.28359375 0.065625 0.0546875
3 0.3875 0.2875 0.0625 0.059375
9 0.36875 0.3828125 0.0625 0.05
9 0.43828125 0.50625 0.0609375 0.05625
9 0.53359375 0.61484375 0.059375 0.065625
7 0.50390625 0.38515625 0.10625 0.084375
5 0.578125 0.49140625 0.06875 0.0671875
5 0.46328125 0.265625 0.071875 0.078125