10 0.67265625 0.63515625 0.0515625 0.0875
9 0.61484375 0.65078125 0.0375 0.0484375
8 0.5484375 0.60390625 0.04375 0.0609375
7 0.38359375 0.6390625 0.059375 0.0953125
9 0.271875 0.53046875 0.05 0.04375
6 0.21484375 0.48828125 0.065625 0.0625
11 0.4140625 0.46484375 0.05 0.053125
4 0.63359375 0.58671875 0.0515625 0.0875
0 0.58515625 0.5375 0.046875 0.065625
5 0.528125 0.4796875 0.046875 0.05625
2 0.4828125 0.434375 0.05 0.0578125
1 0.42265625 0.37734375 0.059375 0.078125
3 0.35546875 0.29609375 0.0515625 0.04375
9 0.65234375 0.50703125 0.040625 0.046875
9 0.7390625 0.4609375 0.0515625 0.046875
9 0.80078125 0.371875 0.05625 0.0421875