2 0.55625 0.3125 0.040625 0.0671875
11 0.51875 0.4234375 0.04296875 0.0671875
9 0.71796875 0.33046875 0.02890625 0.0515625
8 0.6859375 0.34765625 0.04921875 0.065625
10 0.5921875 0.37578125 0.06015625 0.11796875
11 0.59765625 0.45546875 0.05234375 0.07109375
4 0.40234375 0.28125 0.03828125 0.09921875
0 0.66171875 0.4078125 0.05546875 0.09296875
0 0.21640625 0.3375 0.05234375 0.08359375
5 0.09296875 0.40078125 0.05390625 0.0734375
5 0.48125 0.27109375 0.03125 0.0515625
2 0.1671875 0.459375 0.0671875 0.0734375
3 0.46484375 0.3984375 0.040625 0.06015625
3 0.334375 0.35703125 0.0375 0.05390625
3 0.2734375 0.3828125 0.04453125 0.05390625
3 0.21640625 0.4015625 0.04140625 0.05859375
3 0.40390625 0.3390625 0.034375 0.0515625
3 0.47890625 0.30078125 0.02734375 0.046875
9 0.459375 0.62265625 0.05390625 0.07578125
9 0.55390625 0.5609375 0.0578125 0.071875
9 0.60703125 0.5140625 0.04140625 0.0625
9 0.78203125 0.41796875 0.04453125 0.059375
9 0.75234375 0.3734375 0.0421875 0.0578125
9 0.87109375 0.3734375 0.0296875 0.05390625
6 0.88671875 0.42890625 0.06796875 0.09609375
6 0.53046875 0.47265625 0.04921875 0.10078125
8 0.37734375 0.47734375 0.059375 0.0859375
7 0.82890625 0.43828125 0.0859375 0.13828125
1 0.6546875 0.55625 0.0859375 0.16484375
3 0.2546875 0.43671875 0.0453125 0.05859375
3 0.45859375 0.32421875 0.03046875 0.046875