5 0.25078125 0.75234375 0.053125 0.059375
3 0.30625 0.71953125 0.04375 0.05
3 0.37421875 0.69765625 0.0421875 0.0484375
4 0.3765625 0.7640625 0.0609375 0.096875
3 0.44921875 0.70234375 0.0375 0.05
3 0.5359375 0.70625 0.0375 0.053125
0 0.603125 0.7640625 0.0390625 0.078125
5 0.75078125 0.7421875 0.046875 0.059375
3 0.61640625 0.70234375 0.0375 0.0515625
3 0.678125 0.70078125 0.040625 0.05
3 0.709375 0.653125 0.0453125 0.053125
2 0.79921875 0.659375 0.0625 0.065625
2 0.2890625 0.6671875 0.053125 0.0703125
3 0.52578125 0.60859375 0.04375 0.053125
9 0.1734375 0.56640625 0.059375 0.053125
8 0.25703125 0.565625 0.0625 0.065625
10 0.44140625 0.56640625 0.0625 0.090625
11 0.54296875 0.5578125 0.0484375 0.059375
0 0.43671875 0.50390625 0.053125 0.071875
8 0.72109375 0.56640625 0.0640625 0.065625
6 0.63359375 0.50390625 0.053125 0.071875
11 0.54453125 0.49296875 0.053125 0.0578125
9 0.628125 0.440625 0.0484375 0.05
9 0.24453125 0.4984375 0.0578125 0.053125
9 0.14453125 0.4359375 0.065625 0.053125
9 0.221875 0.42734375 0.059375 0.053125
9 0.325 0.43828125 0.05 0.05
9 0.725 0.42890625 0.053125 0.0515625
9 0.85390625 0.42421875 0.0625 0.0515625
1 0.73359375 0.38046875 0.0859375 0.1
6 0.30234375 0.3640625 0.06875 0.065625
7 0.41015625 0.38515625 0.075 0.09375