11 0.74140625 0.58984375 0.0515625 0.046875
11 0.39609375 0.47265625 0.0359375 0.04375
8 0.40078125 0.30078125 0.0375 0.059375
8 0.4765625 0.66640625 0.040625 0.046875
6 0.740625 0.40859375 0.0609375 0.05
6 0.70546875 0.6625 0.05625 0.0546875
2 0.72890625 0.49921875 0.053125 0.0453125
1 0.66328125 0.59140625 0.06875 0.0578125
4 0.60234375 0.67265625 0.059375 0.06875
0 0.6625 0.41015625 0.053125 0.0484375
5 0.5921875 0.26875 0.040625 0.05625
5 0.47265625 0.3875 0.03125 0.05
10 0.54765625 0.57734375 0.046875 0.0546875
3 0.47578125 0.578125 0.03125 0.040625
3 0.4796875 0.4734375 0.028125 0.0390625
7 0.53984375 0.31953125 0.0453125 0.075
9 0.53125 0.49375 0.0296875 0.040625
9 0.60078125 0.41484375 0.034375 0.040625
9 0.6546875 0.3171875 0.040625 0.0484375