11 0.2203125 0.71796875 0.0484375 0.0625
6 0.60546875 0.72421875 0.0390625 0.0796875
9 0.74921875 0.68046875 0.046875 0.0515625
9 0.6921875 0.68125 0.040625 0.05
9 0.6203125 0.6765625 0.0375 0.0515625
2 0.3796875 0.68046875 0.046875 0.065625
9 0.453125 0.6375 0.0390625 0.0546875
7 0.56796875 0.6359375 0.05625 0.115625
8 0.7015625 0.64921875 0.0515625 0.071875
8 0.64921875 0.6125 0.053125 0.071875
3 0.79453125 0.60390625 0.0390625 0.053125
1 0.75 0.5875 0.0828125 0.115625
6 0.64375 0.55625 0.05625 0.084375
9 0.5640625 0.50625 0.0453125 0.05625
0 0.46484375 0.56015625 0.046875 0.084375
9 0.3765625 0.6 0.040625 0.0546875
4 0.21171875 0.665625 0.06875 0.10625
3 0.271875 0.55703125 0.05 0.05625
10 0.165625 0.57734375 0.0859375 0.1125
2 0.37890625 0.5078125 0.0484375 0.075
3 0.4671875 0.4390625 0.05 0.0609375
3 0.36015625 0.44140625 0.0484375 0.059375
3 0.2765625 0.4421875 0.0546875 0.059375
3 0.69296875 0.43359375 0.05625 0.0609375
3 0.78828125 0.4359375 0.059375 0.0578125
11 0.68828125 0.37109375 0.071875 0.078125
9 0.475 0.371875 0.0546875 0.0625
2 0.37109375 0.36796875 0.059375 0.0921875
5 0.1078125 0.365625 0.08125 0.08125
3 0.1125 0.43046875 0.0625 0.0640625
5 0.934375 0.38671875 0.0890625 0.078125