5 0.7703125 0.23125 0.053125 0.06875
2 0.7046875 0.228125 0.0453125 0.071875
3 0.7078125 0.265625 0.0421875 0.05625
0 0.6203125 0.22578125 0.046875 0.0875
3 0.628125 0.2859375 0.04375 0.053125
1 0.55 0.20625 0.0515625 0.115625
3 0.5453125 0.2828125 0.04375 0.05625
4 0.45 0.21953125 0.05 0.109375
3 0.446875 0.28203125 0.04375 0.0578125
0 0.37421875 0.2234375 0.04375 0.0875
3 0.3578125 0.28515625 0.0421875 0.059375
2 0.29296875 0.23671875 0.04375 0.0734375
3 0.28828125 0.2859375 0.04375 0.05625
5 0.209375 0.24609375 0.05 0.065625
3 0.6359375 0.4171875 0.046875 0.059375
3 0.44609375 0.37734375 0.04375 0.059375
9 0.8953125 0.5390625 0.0625 0.0625
11 0.91171875 0.60078125 0.075 0.078125
9 0.76484375 0.5375 0.053125 0.065625
8 0.78203125 0.59296875 0.0625 0.0859375
9 0.6734375 0.5390625 0.053125 0.0625
6 0.69453125 0.59453125 0.0625 0.096875
9 0.5578125 0.53671875 0.05 0.0625
7 0.57578125 0.590625 0.071875 0.13125
9 0.43125 0.521875 0.0359375 0.0203125
10 0.446875 0.5796875 0.0671875 0.11875
9 0.34140625 0.5390625 0.053125 0.059375
6 0.3359375 0.59921875 0.0640625 0.096875
9 0.23671875 0.5390625 0.05 0.065625
9 0.11640625 0.5390625 0.0578125 0.065625
8 0.2109375 0.59765625 0.065625 0.090625
11 0.0984375 0.59453125 0.071875 0.0796875