1 0.7859375 0.26328125 0.07265625 0.10546875
3 0.20546875 0.39765625 0.0484375 0.053125
0 0.25703125 0.42265625 0.05546875 0.07734375
4 0.31953125 0.4625 0.075 0.09609375
5 0.3875 0.4375 0.0484375 0.06328125
9 0.45546875 0.40078125 0.04140625 0.053125
10 0.51953125 0.41328125 0.05546875 0.0984375
2 0.4375 0.478125 0.05390625 0.0625
6 0.51484375 0.51484375 0.0515625 0.071875
8 0.66328125 0.5140625 0.0625 0.07109375
7 0.80703125 0.4875 0.1 0.1046875
11 0.76171875 0.665625 0.0734375 0.059375
6 0.42109375 0.771875 0.06171875 0.0625