3 0.8390625 0.2484375 0.0484375 0.02890625
3 0.82578125 0.30234375 0.0390625 0.04765625
3 0.93359375 0.27734375 0.03515625 0.034375
3 0.971875 0.29296875 0.05 0.03203125
9 0.90390625 0.2984375 0.05 0.03828125
6 0.5015625 0.26484375 0.03359375 0.06796875
6 0.49921875 0.31015625 0.03671875 0.0703125
9 0.45390625 0.34453125 0.03203125 0.0484375
9 0.38984375 0.3640625 0.03671875 0.04765625
0 0.27578125 0.3546875 0.04296875 0.07578125
3 0.20625 0.45 0.04609375 0.05234375
9 0.278125 0.4265625 0.040625 0.053125
3 0.334375 0.3953125 0.03046875 0.04609375
7 0.31484375 0.4234375 0.05859375 0.11171875
2 0.39453125 0.41875 0.0484375 0.0640625
3 0.4484375 0.390625 0.03671875 0.05
1 0.4984375 0.38515625 0.046875 0.11015625
11 0.56015625 0.3890625 0.03984375 0.0609375
11 0.65390625 0.334375 0.03828125 0.0578125
3 0.72578125 0.35859375 0.03828125 0.0484375
5 0.5859375 0.44765625 0.04765625 0.06328125
9 0.63671875 0.48671875 0.04453125 0.053125
9 0.653125 0.55625 0.0484375 0.0546875
9 0.55859375 0.5171875 0.04609375 0.0546875
8 0.50625 0.55234375 0.05390625 0.07265625
0 0.51015625 0.471875 0.0453125 0.07890625
5 0.44765625 0.44609375 0.04765625 0.06015625
4 0.446875 0.4953125 0.0515625 0.10234375
8 0.3890625 0.46875 0.0453125 0.07265625
10 0.36875 0.53046875 0.059375 0.1046875
9 0.30078125 0.52890625 0.04921875 0.05546875
2 0.253125 0.478125 0.05703125 0.07578125