6 0.4671875 0.29140625 0.0359375 0.0703125
0 0.17734375 0.38828125 0.053125 0.078125
11 0.3296875 0.36875 0.03984375 0.05859375
0 0.36640625 0.384375 0.0390625 0.0765625
3 0.44296875 0.3875 0.03125 0.05
3 0.59765625 0.375 0.034375 0.0484375
8 0.4703125 0.39765625 0.04140625 0.06640625
9 0.4046875 0.42578125 0.03984375 0.05078125
3 0.3359375 0.44453125 0.0421875 0.05078125
5 0.23515625 0.4609375 0.04765625 0.06484375
9 0.5140625 0.43984375 0.0390625 0.05234375
6 0.27890625 0.48984375 0.03984375 0.08359375
2 0.32421875 0.540625 0.05859375 0.071875
9 0.58046875 0.46875 0.04296875 0.053125
3 0.4765625 0.4984375 0.0421875 0.05390625
9 0.41953125 0.52265625 0.040625 0.0578125
3 0.54609375 0.53203125 0.04609375 0.05625
4 0.6859375 0.45703125 0.06875 0.10703125
7 0.4546875 0.6109375 0.06171875 0.1328125
10 0.89921875 0.44921875 0.08203125 0.10625