11 0.584375 0.5125 0.0375 0.028125
2 0.5703125 0.471875 0.0390625 0.028125
6 0.56796875 0.41875 0.05 0.028125
6 0.58359375 0.56875 0.046875 0.021875
1 0.56796875 0.5484375 0.0671875 0.0375
0 0.53984375 0.44765625 0.05 0.028125
9 0.51875 0.396875 0.0328125 0.0265625
4 0.553125 0.61640625 0.0625 0.0359375
9 0.51015625 0.47421875 0.034375 0.025
5 0.48671875 0.3953125 0.04375 0.03125
10 0.521875 0.5921875 0.0640625 0.04375
9 0.49140625 0.54765625 0.034375 0.028125
7 0.484375 0.4515625 0.071875 0.0375
8 0.49765625 0.67109375 0.046875 0.040625
3 0.4796875 0.62109375 0.034375 0.0296875
3 0.46484375 0.5609375 0.034375 0.0296875
5 0.45078125 0.5140625 0.0421875 0.0328125
11 0.428125 0.60390625 0.04375 0.0375
8 0.403125 0.4984375 0.05 0.034375