4 0.3734375 0.2609375 0.04296875 0.08359375
3 0.16640625 0.30078125 0.02421875 0.04296875
2 0.19765625 0.31875 0.04375 0.0546875
5 0.14453125 0.36015625 0.05 0.0546875
5 0.2046875 0.43046875 0.05390625 0.0578125
3 0.25859375 0.5015625 0.0453125 0.05
1 0.41171875 0.35234375 0.04609375 0.09765625
10 0.54609375 0.2796875 0.03671875 0.08671875
0 0.584375 0.31484375 0.0359375 0.06953125
7 0.66953125 0.34765625 0.05 0.0875
6 0.640625 0.425 0.0421875 0.0734375
8 0.5140625 0.4703125 0.04375 0.06796875
6 0.38359375 0.453125 0.04453125 0.07421875
2 0.37265625 0.51796875 0.04765625 0.06953125
3 0.853125 0.51796875 0.05390625 0.05390625
3 0.7078125 0.5875 0.0484375 0.0515625
11 0.93515625 0.64296875 0.0765625 0.0640625