5 0.47421875 0.765625 0.0359375 0.05625
4 0.56953125 0.753125 0.04375 0.1
3 0.4921875 0.7296875 0.0328125 0.05
3 0.525 0.69765625 0.034375 0.05
3 0.5875 0.68359375 0.034375 0.0515625
3 0.66640625 0.66328125 0.040625 0.053125
0 0.775 0.69453125 0.05 0.08125
5 0.9109375 0.63203125 0.059375 0.065625
3 0.7390625 0.63828125 0.04375 0.053125
3 0.7984375 0.61875 0.0453125 0.0546875
2 0.875 0.54609375 0.075 0.06875
3 0.7796875 0.56875 0.05 0.05625
3 0.5640625 0.59140625 0.040625 0.05625
2 0.42421875 0.69921875 0.04375 0.06875
9 0.26640625 0.6546875 0.0453125 0.0515625
8 0.3125 0.634375 0.0609375 0.06875
10 0.4390625 0.5921875 0.06875 0.103125
11 0.52890625 0.54765625 0.05 0.065625
8 0.69453125 0.4953125 0.065625 0.071875
9 0.25625 0.58984375 0.053125 0.0546875
0 0.3875 0.54453125 0.05625 0.0828125
11 0.46953125 0.496875 0.053125 0.065625
6 0.55 0.47734375 0.053125 0.084375
9 0.49375 0.42421875 0.05 0.05625
9 0.56640625 0.37734375 0.053125 0.059375
9 0.68125 0.3171875 0.05625 0.0625
9 0.1375 0.5734375 0.05 0.0546875
9 0.18203125 0.546875 0.05625 0.05625
9 0.25859375 0.525 0.053125 0.05625
6 0.16796875 0.48515625 0.0796875 0.0828125
7 0.2453125 0.47109375 0.09375 0.11875
1 0.496875 0.34453125 0.075 0.1203125