7 0.6875 0.26953125 0.1203125 0.071875
9 0.353125 0.6015625 0.053125 0.0578125
9 0.503125 0.8859375 0.053125 0.071875
9 0.4328125 0.2203125 0.053125 0.0625
9 0.74921875 0.37890625 0.059375 0.046875
6 0.675 0.46875 0.0828125 0.05625
6 0.4265625 0.68671875 0.0671875 0.0828125
11 0.4171875 0.38515625 0.0609375 0.059375
8 0.6046875 0.23671875 0.0765625 0.059375
10 0.56640625 0.28125 0.09375 0.0703125
3 0.63984375 0.11484375 0.059375 0.05625
3 0.60078125 0.7625 0.0546875 0.0625
0 0.61796875 0.5875 0.078125 0.05625
0 0.61328125 0.40078125 0.078125 0.046875
2 0.51328125 0.5375 0.0703125 0.0671875
2 0.39296875 0.49921875 0.06875 0.05625
5 0.49453125 0.3890625 0.0625 0.0578125
5 0.52578125 0.67890625 0.059375 0.0640625