10 0.68671875 0.63984375 0.125 0.071875
8 0.55546875 0.7796875 0.09375 0.065625
8 0.6046875 0.315625 0.078125 0.071875
6 0.4875 0.66640625 0.1 0.075
9 0.640625 0.41484375 0.0640625 0.046875
9 0.6015625 0.52109375 0.0640625 0.04375
2 0.39609375 0.2890625 0.096875 0.090625
2 0.66171875 0.5390625 0.08125 0.0546875
5 0.54765625 0.17109375 0.0796875 0.075
5 0.47421875 0.43203125 0.084375 0.065625
0 0.39296875 0.55078125 0.103125 0.075
1 0.4296875 0.81171875 0.140625 0.1171875
4 0.56015625 0.54296875 0.1234375 0.0625
3 0.64140625 0.3421875 0.0671875 0.046875
3 0.528125 0.3171875 0.065625 0.0546875