5 0.5328125 0.7296875 0.0375 0.053125
4 0.6140625 0.69375 0.053125 0.090625
3 0.53671875 0.6859375 0.0359375 0.046875
2 0.459375 0.65859375 0.040625 0.0625
3 0.55546875 0.64609375 0.03125 0.046875
3 0.609375 0.61953125 0.0359375 0.046875
9 0.30234375 0.63359375 0.040625 0.046875
9 0.16328125 0.565625 0.05 0.05
8 0.3359375 0.603125 0.05 0.059375
9 0.27265625 0.56640625 0.046875 0.046875
9 0.1921875 0.53203125 0.0453125 0.0484375
9 0.253125 0.49765625 0.046875 0.046875
6 0.15703125 0.465625 0.0640625 0.06875
0 0.3703125 0.4953125 0.05 0.06875
10 0.43203125 0.534375 0.05625 0.0875
3 0.55078125 0.5234375 0.0390625 0.05
11 0.50234375 0.48046875 0.046875 0.05625
3 0.67890625 0.5859375 0.040625 0.046875
11 0.43203125 0.4359375 0.046875 0.05625
7 0.21796875 0.43515625 0.0796875 0.096875
0 0.79609375 0.60078125 0.059375 0.06875
3 0.7390625 0.546875 0.046875 0.046875
3 0.78671875 0.51640625 0.0484375 0.046875
3 0.74921875 0.46484375 0.053125 0.05
6 0.49375 0.40078125 0.05 0.065625
9 0.42890625 0.35859375 0.04375 0.046875
8 0.6359375 0.39921875 0.0640625 0.059375
9 0.47890625 0.3 0.05 0.0484375
1 0.39453125 0.26796875 0.06875 0.0828125
9 0.56171875 0.2234375 0.05 0.046875
8 0.828125 0.425 0.075 0.0578125
5 0.903125 0.51328125 0.0625 0.059375