6 0.334375 0.25625 0.075 0.04375
6 0.371875 0.33125 0.078125 0.04375
11 0.453125 0.20859375 0.065625 0.053125
3 0.5078125 0.175 0.05625 0.053125
0 0.62109375 0.128125 0.090625 0.0765625
9 0.3875 0.40625 0.05 0.0359375
9 0.3828125 0.48359375 0.05 0.0296875
11 0.4609375 0.39609375 0.0625 0.0484375
1 0.4296875 0.47890625 0.1125 0.05
5 0.51953125 0.4671875 0.065625 0.0484375
9 0.57421875 0.48046875 0.05625 0.046875
3 0.3875 0.56171875 0.04375 0.0375
2 0.42421875 0.5671875 0.0625 0.04375
5 0.4609375 0.5703125 0.059375 0.046875
0 0.503125 0.5734375 0.08125 0.0515625
9 0.56171875 0.5859375 0.059375 0.0453125
9 0.634375 0.58203125 0.0625 0.053125
9 0.39453125 0.6328125 0.05 0.01875
7 0.39453125 0.6515625 0.1046875 0.059375
8 0.4578125 0.6484375 0.06875 0.0546875
4 0.49375 0.66484375 0.1046875 0.071875
8 0.56328125 0.6875 0.075 0.0671875
3 0.38984375 0.7109375 0.046875 0.040625
2 0.42109375 0.7328125 0.06875 0.05625
10 0.48984375 0.76171875 0.10625 0.08125