6 0.146875 0.64140625 0.128125 0.05
0 0.125 0.47578125 0.128125 0.05
4 0.16640625 0.42890625 0.171875 0.078125
2 0.16953125 0.3046875 0.1015625 0.065625
11 0.240625 0.27734375 0.1015625 0.08125
9 0.2453125 0.40625 0.0890625 0.0625
1 0.2125 0.57890625 0.2 0.0875
5 0.22890625 0.72890625 0.103125 0.071875
3 0.275 0.34140625 0.053125 0.0625
6 0.31015625 0.8125 0.146875 0.1046875
7 0.30546875 0.65 0.215625 0.1078125
10 0.34140625 0.47734375 0.196875 0.0875
9 0.34609375 0.3578125 0.09375 0.06875
8 0.3734375 0.2453125 0.1234375 0.1171875