9 0.390625 0.3328125 0.040625 0.059375
8 0.590625 0.3296875 0.053125 0.0734375
7 0.6375 0.3359375 0.06875 0.13125
10 0.715625 0.378125 0.0828125 0.125
9 0.7640625 0.446875 0.059375 0.0640625
6 0.8328125 0.47734375 0.0796875 0.103125
11 0.92109375 0.55078125 0.0875 0.0875
3 0.6375 0.66796875 0.0703125 0.08125
4 0.34765625 0.3625 0.05 0.125
1 0.5375 0.54765625 0.0796875 0.159375
0 0.3921875 0.41015625 0.053125 0.1
5 0.44296875 0.4703125 0.046875 0.0796875
2 0.4921875 0.51328125 0.0609375 0.090625
9 0.0859375 0.546875 0.071875 0.071875
9 0.19375 0.471875 0.0625 0.071875
9 0.31015625 0.43984375 0.0484375 0.065625