11 0.44375 0.65234375 0.07421875 0.0546875
8 0.63046875 0.61796875 0.0890625 0.06015625
8 0.3234375 0.2484375 0.084375 0.090625
9 0.4671875 0.47890625 0.0625 0.059375
9 0.3828125 0.575 0.06875 0.0515625
7 0.65 0.53359375 0.12109375 0.07890625
10 0.6359375 0.43515625 0.1078125 0.09375
5 0.46875 0.2453125 0.0671875 0.0859375
3 0.475 0.56640625 0.0609375 0.04921875
3 0.46796875 0.36015625 0.06875 0.06484375
4 0.34140625 0.4984375 0.08984375 0.084375
2 0.5625 0.3203125 0.07265625 0.08828125
0 0.24140625 0.30390625 0.0796875 0.0890625
1 0.3109375 0.3859375 0.09765625 0.1078125