5 0.8046875 0.5546875 0.0671875 0.06875
0 0.48515625 0.35703125 0.0421875 0.0796875
2 0.596875 0.50859375 0.0578125 0.06640625
9 0.57421875 0.41796875 0.0390625 0.0515625
9 0.39921875 0.33203125 0.03359375 0.05
9 0.31875 0.36875 0.04140625 0.053125
9 0.25078125 0.25703125 0.0359375 0.0484375
9 0.2078125 0.47109375 0.0515625 0.053125
9 0.178125 0.525 0.0484375 0.05625
9 0.1703125 0.5765625 0.06171875 0.05703125
6 0.49375 0.45 0.04453125 0.08203125
6 0.07265625 0.45625 0.0703125 0.084375
8 0.290625 0.5125 0.0671875 0.0734375
11 0.1359375 0.375 0.06015625 0.06328125
11 0.18515625 0.25703125 0.04453125 0.0578125
10 0.321875 0.27734375 0.05234375 0.09765625
7 0.3859375 0.396875 0.05390625 0.1125
8 0.38828125 0.4671875 0.05234375 0.071875
5 0.684375 0.25390625 0.03828125 0.0515625
2 0.69140625 0.290625 0.04921875 0.0640625
0 0.725 0.31875 0.046875 0.075
9 0.72578125 0.3671875 0.03828125 0.05234375
1 0.7515625 0.38515625 0.07109375 0.1109375
4 0.771875 0.43984375 0.0765625 0.1015625
3 0.62109375 0.25546875 0.03046875 0.04765625
3 0.61796875 0.303125 0.0328125 0.046875
3 0.63046875 0.3265625 0.0328125 0.04453125
3 0.64375 0.36640625 0.04140625 0.05078125
3 0.63125 0.4203125 0.03828125 0.05078125
3 0.6640625 0.45234375 0.04140625 0.05234375
3 0.69375 0.51875 0.05390625 0.0546875
3 0.70859375 0.5640625 0.06015625 0.05234375