6 0.67421875 0.53984375 0.1125 0.05625
8 0.61796875 0.60390625 0.096875 0.065625
2 0.6140625 0.46953125 0.084375 0.0296875
5 0.60390625 0.37890625 0.0875 0.065625
1 0.596875 0.55546875 0.1640625 0.078125
7 0.61171875 0.43984375 0.09375 0.06875
6 0.559375 0.35078125 0.115625 0.071875
10 0.5125 0.45078125 0.146875 0.08125
0 0.6234375 0.6953125 0.05625 0.053125
4 0.53046875 0.68125 0.1453125 0.103125
9 0.528125 0.76328125 0.078125 0.071875
3 0.4671875 0.5515625 0.0765625 0.0625
3 0.41328125 0.50625 0.078125 0.0703125
9 0.45703125 0.63671875 0.078125 0.0703125
9 0.396875 0.60625 0.0765625 0.06875
11 0.44140625 0.7734375 0.090625 0.0953125