2 0.0140625 0.20390625 0.028125 0.0609375
9 0.028125 0.021875 0.034375 0.04375
6 0.2546875 0.4078125 0.090625 0.05
9 0.27578125 0.55234375 0.059375 0.046875
5 0.2859375 0.6515625 0.071875 0.053125
7 0.315625 0.67421875 0.13125 0.078125
9 0.34375 0.534375 0.0625 0.0453125
0 0.29453125 0.48046875 0.0921875 0.0484375
2 0.3015625 0.34375 0.078125 0.05
5 0.41171875 0.69765625 0.075 0.065625
8 0.41171875 0.85859375 0.084375 0.084375
9 0.428125 0.540625 0.059375 0.05
3 0.4546875 0.61875 0.059375 0.05
11 0.33671875 0.25 0.071875 0.0625
1 0.3625 0.3234375 0.1296875 0.0828125
10 0.43828125 0.459375 0.109375 0.06875
6 0.38359375 0.21484375 0.090625 0.078125
4 0.45 0.3078125 0.1125 0.096875
8 0.56171875 0.446875 0.08125 0.0640625
3 0.515625 0.5328125 0.059375 0.05
11 0.5140625 0.72734375 0.075 0.06875