6 0.41171875 0.31953125 0.0390625 0.0703125
11 0.309375 0.4265625 0.05078125 0.05859375
0 0.1609375 0.47890625 0.06484375 0.0765625
0 0.3625 0.4421875 0.05078125 0.07421875
3 0.43359375 0.42890625 0.0328125 0.04921875
8 0.47109375 0.43671875 0.04296875 0.06640625
3 0.58125 0.39140625 0.03671875 0.0484375
9 0.534375 0.47734375 0.03828125 0.0515625
9 0.41796875 0.48125 0.04375 0.05
3 0.35625 0.51484375 0.0453125 0.0515625
5 0.26640625 0.55078125 0.0640625 0.065625
6 0.33671875 0.57890625 0.0578125 0.08125
3 0.5296875 0.55078125 0.04453125 0.053125
2 0.4046875 0.62578125 0.059375 0.0734375
9 0.48984375 0.5875 0.046875 0.05625
3 0.6171875 0.57578125 0.04765625 0.0546875
9 0.615625 0.4984375 0.04296875 0.05234375
4 0.71953125 0.47265625 0.065625 0.10234375
10 0.9109375 0.4328125 0.07890625 0.1015625
8 0.8234375 0.5234375 0.0703125 0.07109375
3 0.96875 0.58203125 0.0625 0.05859375
7 0.58671875 0.6890625 0.065625 0.12265625