6 0.775 0.24921875 0.05859375 0.07578125
1 0.5421875 0.28515625 0.05546875 0.10390625
3 0.4421875 0.30390625 0.040625 0.05
9 0.278125 0.26015625 0.0453125 0.0515625
9 0.45390625 0.36484375 0.03984375 0.0484375
4 0.5625 0.346875 0.0640625 0.0921875
2 0.79375 0.309375 0.06328125 0.06796875
6 0.45390625 0.41484375 0.046875 0.0703125
3 0.53359375 0.42890625 0.040625 0.0484375
3 0.7234375 0.4328125 0.0515625 0.04765625
9 0.44921875 0.48515625 0.04453125 0.04453125
0 0.53671875 0.475 0.04921875 0.06328125
10 0.434375 0.53671875 0.06015625 0.0765625
7 0.53515625 0.5390625 0.0625 0.08125
3 0.82890625 0.5703125 0.0625 0.04453125
5 0.546875 0.62734375 0.05625 0.0515625
2 0.43359375 0.61953125 0.04765625 0.059375
5 0.1109375 0.703125 0.08125 0.05078125