9 0.16640625 0.15625 0.046875 0.03046875
3 0.34296875 0.00546875 0.03984375 0.01015625
3 0.26640625 0.0375 0.03515625 0.02421875
3 0.2703125 0.38046875 0.04296875 0.04296875
2 0.34453125 0.42421875 0.05 0.05234375
5 0.42734375 0.471875 0.0453125 0.0515625
9 0.5125 0.47109375 0.0328125 0.040625
4 0.5 0.51328125 0.04765625 0.07421875
0 0.33359375 0.51875 0.0515625 0.059375
2 0.41328125 0.5203125 0.04921875 0.05625
10 0.2375 0.57265625 0.0796875 0.06953125
6 0.42109375 0.58125 0.0484375 0.0546875
1 0.6046875 0.57578125 0.06015625 0.07265625
8 0.5171875 0.65234375 0.05 0.0484375
7 0.63125 0.70546875 0.0703125 0.06875
6 0.13359375 0.7 0.07421875 0.04921875
11 0.421875 0.79921875 0.05390625 0.0453125