6 0.2140625 0.2703125 0.05390625 0.065625
6 0.2921875 0.3265625 0.05 0.06171875
11 0.4421875 0.2703125 0.03984375 0.053125
3 0.5203125 0.26484375 0.03359375 0.0453125
0 0.67890625 0.2578125 0.046875 0.065625
11 0.45390625 0.38046875 0.0421875 0.05234375
1 0.4390625 0.4203125 0.0515625 0.07734375
9 0.28671875 0.38671875 0.0421875 0.0421875
9 0.79453125 0.4375 0.05078125 0.04140625
9 0.70703125 0.48828125 0.04609375 0.0390625
9 0.61015625 0.4984375 0.03984375 0.03671875
0 0.540625 0.48984375 0.0421875 0.046875
5 0.453125 0.49609375 0.0421875 0.0453125
2 0.38046875 0.49375 0.04765625 0.0484375
2 0.36953125 0.628125 0.0578125 0.03671875
7 0.36015625 0.5546875 0.0640625 0.059375
8 0.45 0.54609375 0.04609375 0.04609375
4 0.54375 0.54453125 0.0546875 0.05859375
8 0.62578125 0.55390625 0.05078125 0.04765625
3 0.72109375 0.62109375 0.0484375 0.03359375
9 0.6484375 0.70078125 0.04453125 0.03359375
10 0.53984375 0.6109375 0.0578125 0.0515625
9 0.465625 0.6375 0.0421875 0.0359375