9 0.06875 0.06484375 0.053125 0.05078125
6 0.5484375 0.1078125 0.0453125 0.0890625
2 0.62265625 0.1390625 0.04296875 0.0796875
11 0.38671875 0.22578125 0.04765625 0.0671875
1 0.41875 0.22421875 0.0765625 0.12421875
4 0.496875 0.25546875 0.0703125 0.115625
3 0.69765625 0.2453125 0.04140625 0.06015625
3 0.91484375 0.28125 0.0578125 0.0609375
3 0.5546875 0.33359375 0.04296875 0.05859375
3 0.34296875 0.29921875 0.05546875 0.0578125
9 0.42109375 0.33359375 0.053125 0.059375
6 0.48359375 0.359375 0.06328125 0.084375
9 0.55234375 0.415625 0.05 0.05703125
0 0.61640625 0.35234375 0.0515625 0.0875
7 0.69375 0.3875 0.06796875 0.12265625
10 0.61171875 0.44453125 0.0703125 0.1015625
5 0.79140625 0.4546875 0.06953125 0.0734375
2 0.7015625 0.51171875 0.06171875 0.07421875
9 0.15390625 0.353125 0.0640625 0.05546875
5 0.540625 0.76796875 0.0703125 0.065625