9 0.33828125 0.13125 0.065625 0.0609375
9 0.3390625 0.24921875 0.059375 0.05625
9 0.3375 0.353125 0.0640625 0.053125
9 0.34921875 0.4453125 0.028125 0.040625
9 0.3390625 0.56953125 0.0625 0.04375
9 0.33515625 0.690625 0.0625 0.05625
9 0.33515625 0.78359375 0.0625 0.053125
9 0.334375 0.9140625 0.065625 0.071875
3 0.46171875 0.6421875 0.05625 0.040625
3 0.50078125 0.46796875 0.0546875 0.04375
5 0.61484375 0.26875 0.053125 0.040625
5 0.62265625 0.7515625 0.05625 0.0421875
2 0.62421875 0.3421875 0.0609375 0.0375
2 0.6296875 0.696875 0.05625 0.0375
0 0.63515625 0.41015625 0.0734375 0.0375
0 0.63203125 0.62421875 0.071875 0.0375
1 0.6484375 0.56484375 0.103125 0.04375
4 0.64140625 0.47421875 0.084375 0.034375
11 0.26328125 0.9421875 0.075 0.09375
8 0.2703125 0.81015625 0.084375 0.075
6 0.2671875 0.71875 0.09375 0.06875
7 0.26953125 0.59296875 0.128125 0.078125
10 0.28359375 0.45390625 0.115625 0.071875
6 0.26484375 0.33828125 0.0953125 0.0703125
8 0.271875 0.20546875 0.0890625 0.071875
11 0.275 0.09765625 0.0796875 0.0859375
3 0.58046875 0.62890625 0.046875 0.0375
3 0.58203125 0.55859375 0.05 0.034375
3 0.58515625 0.471875 0.046875 0.0328125
3 0.58046875 0.39296875 0.05 0.0328125
3 0.59375 0.69765625 0.05 0.0359375
3 0.58203125 0.33125 0.05 0.0375