3 0.79765625 0.91875 0.053125 0.053125
3 0.9765625 0.63203125 0.046875 0.034375
11 0.69765625 0.815625 0.05625 0.0625
6 0.70546875 0.71796875 0.065625 0.053125
9 0.7 0.6296875 0.046875 0.040625
10 0.71796875 0.55078125 0.0859375 0.05625
7 0.709375 0.4484375 0.090625 0.05625
8 0.70390625 0.3609375 0.065625 0.053125
9 0.5671875 0.26015625 0.0421875 0.0515625
9 0.446875 0.446875 0.0375 0.0421875
9 0.36484375 0.45625 0.0328125 0.046875
9 0.28125 0.53359375 0.0375 0.04375
3 0.51015625 0.84921875 0.0390625 0.059375
1 0.50703125 0.740625 0.059375 0.084375
2 0.5125 0.6375 0.053125 0.04375
5 0.509375 0.55390625 0.0484375 0.05
0 0.50703125 0.4546875 0.0453125 0.046875
4 0.51171875 0.365625 0.0640625 0.0734375