10 0.31328125 0.36015625 0.125 0.071875
8 0.44453125 0.2203125 0.09375 0.065625
8 0.3953125 0.684375 0.078125 0.071875
6 0.5125 0.33359375 0.1 0.075
9 0.359375 0.58515625 0.0640625 0.046875
9 0.3984375 0.47890625 0.0640625 0.04375
2 0.60390625 0.7109375 0.096875 0.090625
2 0.33828125 0.4609375 0.08125 0.0546875
5 0.45234375 0.82890625 0.0796875 0.075
5 0.52578125 0.56796875 0.084375 0.065625
0 0.60703125 0.44921875 0.103125 0.075
1 0.5703125 0.18828125 0.140625 0.1171875
4 0.43984375 0.45703125 0.1234375 0.0625
3 0.35859375 0.6578125 0.0671875 0.046875
3 0.471875 0.6828125 0.065625 0.0546875