9 0.63984375 0.390625 0.053125 0.0359375
10 0.64140625 0.321875 0.1171875 0.05625
4 0.60859375 0.359375 0.1203125 0.05625
8 0.609375 0.453125 0.075 0.046875
7 0.65 0.63125 0.1265625 0.059375
9 0.55234375 0.76875 0.0625 0.053125
6 0.528125 0.84375 0.1 0.071875
11 0.4640625 0.93984375 0.084375 0.08125
0 0.56484375 0.40859375 0.096875 0.0515625
5 0.5109375 0.4703125 0.078125 0.05
2 0.47265625 0.52578125 0.090625 0.0578125
1 0.44296875 0.58359375 0.1578125 0.071875
3 0.3328125 0.69921875 0.08125 0.0671875
9 0.53125 0.33046875 0.065625 0.046875
9 0.4921875 0.22265625 0.06875 0.0625
9 0.4109375 0.1296875 0.0703125 0.0734375