7 0.36171875 0.36484375 0.053125 0.103125
9 0.5109375 0.359375 0.034375 0.046875
6 0.5796875 0.33984375 0.0390625 0.071875
8 0.3328125 0.45234375 0.046875 0.03125
9 0.215625 0.50625 0.0359375 0.053125
10 0.25390625 0.528125 0.075 0.0953125
11 0.5671875 0.4359375 0.04375 0.059375
2 0.6875 0.3703125 0.04375 0.0625
3 0.77109375 0.44921875 0.046875 0.05
1 0.69453125 0.4453125 0.071875 0.096875
2 0.5984375 0.47578125 0.046875 0.0671875
5 0.525 0.49375 0.046875 0.059375
0 0.43828125 0.50703125 0.04375 0.0734375
4 0.3515625 0.51484375 0.06875 0.09375
9 0.45078125 0.5640625 0.04375 0.05
9 0.49765625 0.63125 0.046875 0.053125
9 0.61796875 0.690625 0.053125 0.05625
0 0.8609375 0.5421875 0.071875 0.075