9 0.37890625 0.74453125 0.05625 0.071875
9 0.57890625 0.76796875 0.05625 0.05625
9 0.47265625 0.6421875 0.05625 0.0515625
9 0.42734375 0.49921875 0.05625 0.05
11 0.671875 0.67578125 0.06875 0.046875
11 0.60703125 0.44921875 0.065625 0.05
9 0.71328125 0.52890625 0.05625 0.0390625
9 0.71796875 0.3140625 0.0515625 0.0421875
3 0.55390625 0.60078125 0.0546875 0.04375
3 0.40390625 0.2734375 0.053125 0.05625
3 0.50078125 0.159375 0.0546875 0.065625
3 0.6265625 0.315625 0.053125 0.04375
3 0.60390625 0.21171875 0.05625 0.053125
1 0.84140625 0.26171875 0.115625 0.06875
2 0.9296875 0.02578125 0.059375 0.0515625
5 0.80390625 0.0453125 0.0625 0.0625
6 0.7625 0.13671875 0.0828125 0.0625
8 0.684375 0.0203125 0.059375 0.040625