6 0.24375 0.71640625 0.05 0.071875
3 0.43671875 0.7078125 0.03125 0.0484375
11 0.55078125 0.67109375 0.04375 0.059375
3 0.63125 0.63984375 0.0390625 0.0515625
3 0.69609375 0.6375 0.040625 0.05
9 0.45859375 0.65 0.0375 0.05
5 0.375 0.6359375 0.04375 0.059375
8 0.30859375 0.678125 0.0453125 0.0625
9 0.30859375 0.5859375 0.046875 0.05
3 0.20546875 0.58203125 0.046875 0.053125
9 0.20546875 0.53984375 0.0515625 0.053125
8 0.153125 0.48984375 0.078125 0.0703125
9 0.628125 0.5890625 0.040625 0.05
0 0.56171875 0.553125 0.046875 0.078125
3 0.625 0.53984375 0.040625 0.0515625
7 0.7359375 0.503125 0.08125 0.109375
3 0.8953125 0.3625 0.0640625 0.0578125
10 0.68203125 0.384375 0.0796875 0.1
6 0.5640625 0.3953125 0.0546875 0.0796875
9 0.259375 0.43828125 0.0578125 0.0546875
5 0.12421875 0.35390625 0.08125 0.06875