9 0.209375 0.40234375 0.0546875 0.06171875
4 0.3390625 0.196875 0.05625 0.11875
6 0.47734375 0.21953125 0.04765625 0.09140625
3 0.609375 0.23125 0.046875 0.05859375
9 0.42265625 0.26953125 0.0421875 0.0625
9 0.3453125 0.30078125 0.046875 0.06171875
3 0.54453125 0.2640625 0.040625 0.06171875
9 0.68203125 0.26484375 0.05234375 0.05859375
3 0.63203125 0.29765625 0.05234375 0.05859375
6 0.4984375 0.29609375 0.05625 0.0921875
11 0.5671875 0.34296875 0.05703125 0.07109375
3 0.6765625 0.334375 0.05546875 0.05703125
3 0.42578125 0.34453125 0.04609375 0.06015625
3 0.27421875 0.35078125 0.05 0.0546875
3 0.65078125 0.3953125 0.04609375 0.05703125
5 0.61171875 0.43359375 0.0671875 0.07109375
5 0.43125 0.434375 0.0578125 0.06953125
9 0.7875 0.39375 0.05703125 0.0578125
0 0.72734375 0.43203125 0.084375 0.0828125
9 0.67421875 0.48984375 0.06484375 0.05625
9 0.61171875 0.53046875 0.06015625 0.05390625
8 0.5296875 0.59921875 0.0796875 0.0703125
1 0.90859375 0.40703125 0.1328125 0.1140625
0 0.78125 0.6546875 0.09921875 0.06875
2 0.3640625 0.39296875 0.05859375 0.0734375
8 0.365625 0.47109375 0.0578125 0.08125
7 0.26640625 0.41328125 0.07890625 0.1234375
3 0.12265625 0.4421875 0.06484375 0.0609375
2 0.19296875 0.4890625 0.07265625 0.08359375
9 0.265625 0.56484375 0.06328125 0.0609375
10 0.359375 0.58046875 0.0703125 0.09765625
11 0.440625 0.6640625 0.06328125 0.0671875