4 0.3328125 0.40078125 0.084375 0.0625
6 0.31640625 0.5109375 0.0671875 0.040625
8 0.37109375 0.28203125 0.053125 0.0625
10 0.38046875 0.35546875 0.08125 0.071875
1 0.34453125 0.4734375 0.090625 0.0578125
11 0.3390625 0.56796875 0.0484375 0.040625
2 0.38046875 0.57265625 0.05625 0.04375
3 0.41328125 0.296875 0.0421875 0.04375
9 0.4375 0.36796875 0.04375 0.040625
3 0.46015625 0.3125 0.040625 0.0453125
11 0.478125 0.2171875 0.0515625 0.059375
5 0.50078125 0.3125 0.0515625 0.0578125
9 0.45625 0.45859375 0.0453125 0.040625
0 0.434375 0.52265625 0.065625 0.0453125
6 0.41484375 0.6109375 0.065625 0.040625
7 0.5 0.38671875 0.0875 0.08125
9 0.4921875 0.54140625 0.046875 0.0390625
8 0.56328125 0.23125 0.05625 0.071875
5 0.53046875 0.47109375 0.05625 0.05