6 0.675 0.79140625 0.071875 0.046875
6 0.63828125 0.71171875 0.071875 0.0421875
9 0.63125 0.63671875 0.046875 0.0359375
7 0.65546875 0.48359375 0.1 0.04375
2 0.58828125 0.80390625 0.0640625 0.046875
11 0.55 0.63671875 0.05625 0.04375
8 0.5625 0.40234375 0.0625 0.046875
10 0.5328125 0.29453125 0.0921875 0.06875
4 0.52578125 0.38125 0.090625 0.065625
0 0.5140625 0.465625 0.075 0.0453125
5 0.50625 0.5578125 0.0609375 0.046875
2 0.50625 0.63671875 0.06875 0.04375
1 0.515625 0.74296875 0.1 0.0703125
3 0.4921875 0.84140625 0.05 0.053125
9 0.4578125 0.16953125 0.0515625 0.053125
9 0.459375 0.4484375 0.0515625 0.040625
9 0.38984375 0.446875 0.053125 0.046875
9 0.3046875 0.51640625 0.0546875 0.0484375
3 0.39921875 0.24765625 0.053125 0.053125
8 0.39140625 0.6328125 0.0703125 0.059375
0 0.3765625 0.86015625 0.078125 0.071875