5 0.6859375 0.28203125 0.040625 0.053125
2 0.71171875 0.31640625 0.04765625 0.0546875
0 0.73515625 0.34765625 0.0484375 0.06640625
1 0.7875 0.390625 0.06875 0.0921875
4 0.79921875 0.44921875 0.0765625 0.07890625
0 0.8375 0.4953125 0.06328125 0.0625
2 0.88515625 0.5640625 0.07265625 0.05859375
5 0.9078125 0.62265625 0.07109375 0.05390625
3 0.60703125 0.30078125 0.03125 0.04296875
3 0.6328125 0.3265625 0.034375 0.04375
3 0.67734375 0.37890625 0.04375 0.04375
3 0.684375 0.42265625 0.03984375 0.04296875
3 0.72265625 0.47109375 0.04140625 0.04296875
3 0.73828125 0.51953125 0.0453125 0.04375
3 0.796875 0.5796875 0.05234375 0.04375
3 0.809375 0.63359375 0.053125 0.04609375
11 0.196875 0.36171875 0.05078125 0.05234375
11 0.19765625 0.40859375 0.0625 0.05078125
6 0.2109375 0.44921875 0.0609375 0.0609375
7 0.21171875 0.4828125 0.08203125 0.08515625
10 0.2203125 0.54921875 0.08125 0.0734375
6 0.23671875 0.6109375 0.0640625 0.05703125
8 0.2421875 0.68671875 0.0734375 0.05
11 0.2703125 0.759375 0.0625 0.04921875
9 0.371875 0.7328125 0.05078125 0.04375
9 0.3546875 0.67734375 0.05 0.04140625
9 0.33203125 0.60703125 0.0421875 0.04296875
9 0.3234375 0.54296875 0.0421875 0.04296875
9 0.3046875 0.4890625 0.0453125 0.04375
9 0.29453125 0.446875 0.04375 0.0421875
9 0.28359375 0.39921875 0.040625 0.04375
9 0.26640625 0.3578125 0.0421875 0.04296875