8 0.25 0.384375 0.075 0.04375
9 0.26640625 0.46953125 0.053125 0.040625
9 0.2921875 0.778125 0.053125 0.0484375
8 0.32734375 0.73046875 0.075 0.059375
9 0.30625 0.55078125 0.0546875 0.0375
9 0.35546875 0.49296875 0.05625 0.0375
9 0.303125 0.31953125 0.05625 0.0453125
1 0.3171875 0.2828125 0.121875 0.0734375
0 0.43671875 0.48515625 0.0859375 0.05
9 0.49765625 0.590625 0.059375 0.0484375
3 0.378125 0.82890625 0.05625 0.04375
5 0.47734375 0.9265625 0.06875 0.08125
6 0.4390625 0.2171875 0.0875 0.071875
7 0.53671875 0.359375 0.11875 0.0796875
3 0.56953125 0.73046875 0.0609375 0.0625
3 0.56640625 0.8296875 0.059375 0.06875
11 0.64140625 0.7296875 0.078125 0.08125
3 0.6671875 0.13359375 0.0625 0.075