10 0.33359375 0.25859375 0.07578125 0.096875
8 0.47578125 0.275 0.0484375 0.0703125
4 0.42734375 0.3046875 0.053125 0.1046875
9 0.48359375 0.36328125 0.0484375 0.053125
3 0.60234375 0.32578125 0.04296875 0.0484375
3 0.59453125 0.36875 0.03984375 0.0421875
9 0.4703125 0.4109375 0.0515625 0.05390625
3 0.271875 0.44453125 0.0609375 0.05
3 0.3984375 0.50390625 0.06015625 0.05703125
9 0.5203125 0.47109375 0.0515625 0.05703125
9 0.66875 0.365625 0.046875 0.04765625
7 0.7734375 0.2609375 0.05234375 0.12421875
2 0.76484375 0.35703125 0.05703125 0.03828125
6 0.74453125 0.4171875 0.05703125 0.0859375
8 0.63671875 0.421875 0.0625 0.0734375
3 0.57109375 0.5546875 0.05234375 0.0609375
5 0.728125 0.4984375 0.0578125 0.0765625
11 0.44375 0.59375 0.0734375 0.0734375
0 0.66875 0.63828125 0.071875 0.0953125
0 0.60625 0.72109375 0.07890625 0.096875
6 0.09609375 0.62421875 0.1109375 0.08203125