6 0.3171875 0.7 0.053125 0.084375
9 0.39453125 0.6796875 0.0375 0.05625
6 0.3734375 0.64921875 0.053125 0.0875
11 0.35625 0.59609375 0.05625 0.06875
3 0.29375 0.65078125 0.046875 0.0578125
9 0.48203125 0.6828125 0.0390625 0.05625
3 0.2 0.65078125 0.0515625 0.05625
9 0.16875 0.60625 0.0578125 0.059375
3 0.57421875 0.67265625 0.034375 0.053125
3 0.73359375 0.66328125 0.0453125 0.05625
2 0.7421875 0.625 0.0578125 0.078125
9 0.77734375 0.56328125 0.01875 0.059375
10 0.73984375 0.53984375 0.0828125 0.115625
7 0.65625 0.65625 0.053125 0.1265625
8 0.6296875 0.609375 0.053125 0.034375
2 0.55390625 0.63125 0.046875 0.06875
4 0.62734375 0.54296875 0.071875 0.109375
5 0.5484375 0.5859375 0.0421875 0.06875
0 0.52890625 0.53828125 0.053125 0.0859375
11 0.74453125 0.4546875 0.071875 0.075
8 0.6328125 0.46171875 0.0703125 0.078125
9 0.52734375 0.47109375 0.0484375 0.0609375
3 0.4703125 0.6359375 0.0296875 0.0578125
1 0.44375 0.62578125 0.065625 0.125
5 0.4109375 0.5265625 0.0578125 0.0703125
3 0.33984375 0.53515625 0.0515625 0.0578125
9 0.41171875 0.46484375 0.053125 0.059375
0 0.31953125 0.4890625 0.06875 0.0890625
3 0.24921875 0.6015625 0.053125 0.05625
3 0.24765625 0.5625 0.05625 0.05625
9 0.21015625 0.48359375 0.065625 0.0609375