5 0.53984375 0.30078125 0.0375 0.04765625
4 0.45859375 0.32421875 0.04453125 0.08046875
3 0.5265625 0.33984375 0.03203125 0.0421875
2 0.590625 0.375 0.04375 0.05703125
3 0.49921875 0.375 0.03203125 0.04140625
3 0.4453125 0.39140625 0.03046875 0.04296875
9 0.72890625 0.41953125 0.03984375 0.0421875
9 0.83359375 0.5 0.05078125 0.0421875
9 0.79921875 0.5265625 0.046875 0.04375
9 0.73671875 0.484375 0.046875 0.0421875
9 0.7359375 0.5484375 0.046875 0.0421875
8 0.6890625 0.44140625 0.05625 0.053125
6 0.8109375 0.58984375 0.06796875 0.0578125
7 0.74921875 0.61015625 0.08203125 0.08046875
0 0.62890625 0.5359375 0.053125 0.05859375
10 0.584375 0.49296875 0.06484375 0.075
11 0.5625 0.5796875 0.05078125 0.04921875
11 0.50859375 0.53125 0.0421875 0.04921875
3 0.378125 0.4125 0.0328125 0.04375
3 0.47578125 0.4859375 0.0375 0.0453125
6 0.49765625 0.60234375 0.04609375 0.05859375
9 0.5453125 0.646875 0.04140625 0.04140625
9 0.48984375 0.69140625 0.04453125 0.04296875
1 0.55546875 0.72890625 0.06796875 0.0734375
8 0.3765625 0.58671875 0.04921875 0.05234375
0 0.2796875 0.3859375 0.040625 0.0640625
3 0.31796875 0.440625 0.0359375 0.04375
3 0.26953125 0.46171875 0.03828125 0.04375
3 0.29140625 0.51328125 0.04140625 0.0453125
5 0.1671875 0.45078125 0.04921875 0.053125
2 0.21484375 0.53984375 0.05859375 0.05078125
9 0.4015625 0.74609375 0.04375 0.04296875