3 0.0328125 0.35859375 0.059375 0.053125
11 0.1859375 0.3015625 0.059375 0.0625
10 0.15234375 0.34921875 0.0875 0.103125
3 0.44140625 0.26484375 0.0375 0.05
3 0.49140625 0.28984375 0.040625 0.053125
9 0.41796875 0.32421875 0.040625 0.0515625
3 0.3453125 0.3578125 0.03125 0.053125
0 0.384375 0.36875 0.0546875 0.08125
9 0.59765625 0.29765625 0.0359375 0.053125
3 0.74375 0.32421875 0.046875 0.0515625
6 0.925 0.4140625 0.075 0.0796875
8 0.79453125 0.4109375 0.0671875 0.065625
9 0.6234375 0.3578125 0.040625 0.053125
5 0.65625 0.40703125 0.0546875 0.0640625
0 0.58671875 0.43203125 0.0484375 0.08125
2 0.2921875 0.4890625 0.0625 0.06875
6 0.1703125 0.46875 0.078125 0.08125
4 0.4234375 0.496875 0.065625 0.0984375
3 0.39921875 0.66875 0.0515625 0.05625
9 0.56171875 0.51484375 0.046875 0.053125
9 0.7125 0.52265625 0.0484375 0.05625