2 0.61796875 0.2359375 0.0765625 0.1109375
0 0.29140625 0.20078125 0.07109375 0.128125
8 0.37890625 0.1640625 0.078125 0.1140625
1 0.3578125 0.26015625 0.08046875 0.17421875
10 0.69921875 0.32890625 0.12890625 0.14921875
7 0.721875 0.41796875 0.15390625 0.15234375
9 0.51171875 0.3796875 0.06953125 0.08046875
3 0.52109375 0.271875 0.07734375 0.0859375
3 0.5171875 0.4703125 0.07265625 0.0734375
5 0.52421875 0.1703125 0.07109375 0.1015625
4 0.378125 0.37578125 0.09140625 0.153125
9 0.4078125 0.46875 0.07421875 0.0796875
8 0.6953125 0.52578125 0.1078125 0.096875
11 0.47734375 0.553125 0.0828125 0.08828125