11 0.58984375 0.25859375 0.04609375 0.0515625
11 0.47265625 0.60390625 0.04453125 0.0359375
8 0.30078125 0.59921875 0.05859375 0.03671875
8 0.66640625 0.5234375 0.04765625 0.04140625
6 0.40859375 0.259375 0.05 0.0609375
6 0.6625 0.29453125 0.0546875 0.05546875
2 0.49921875 0.27109375 0.0453125 0.05234375
1 0.59140625 0.33671875 0.0578125 0.06875
4 0.67265625 0.39765625 0.06953125 0.059375
0 0.41015625 0.3375 0.0484375 0.05234375
5 0.26875 0.4078125 0.05703125 0.04140625
5 0.3875 0.52734375 0.05 0.03125
10 0.57734375 0.45234375 0.0546875 0.04765625
3 0.578125 0.52421875 0.03984375 0.03046875
3 0.4734375 0.5203125 0.0390625 0.028125
7 0.31953125 0.46015625 0.07578125 0.0453125
9 0.49375 0.46875 0.040625 0.0296875
9 0.41484375 0.39921875 0.04140625 0.03515625
9 0.3171875 0.3453125 0.0484375 0.03984375