6 0.58359375 0.3359375 0.021875 0.0453125
8 0.66484375 0.35234375 0.02265625 0.0390625
7 0.51484375 0.3421875 0.02578125 0.05703125
0 0.478125 0.39140625 0.0203125 0.0421875
10 0.453125 0.41171875 0.03046875 0.05234375
1 0.6078125 0.41015625 0.02890625 0.0625
4 0.49765625 0.4875 0.03203125 0.05390625
2 0.64453125 0.5296875 0.02578125 0.03984375
3 0.6328125 0.56953125 0.02734375 0.034375
3 0.78046875 0.409375 0.0234375 0.0296875
2 0.74921875 0.36796875 0.02578125 0.040625
6 0.7015625 0.3875 0.028125 0.04296875
5 0.75390625 0.45234375 0.02890625 0.0359375
5 0.7203125 0.51875 0.03046875 0.03359375
11 0.6734375 0.071875 0.025 0.01796875
3 0.6625 0.08046875 0.0234375 0.0125
3 0.65390625 0.07578125 0.01953125 0.0125
9 0.625 0.07421875 0.025 0.01171875
9 0.64140625 0.084375 0.02578125 0.01484375
9 0.65625 0.115625 0.01875 0.01484375
3 0.584375 0.0890625 0.01328125 0.0234375
9 0.5703125 0.09765625 0.015625 0.0171875
8 0.5515625 0.09765625 0.015625 0.02109375
9 0.521875 0.10234375 0.015625 0.01796875
3 0.5390625 0.103125 0.01328125 0.01796875
3 0.52734375 0.11484375 0.0203125 0.00859375
9 0.53515625 0.12734375 0.0171875 0.01875
9 0.6359375 0.134375 0.01484375 0.01875
11 0.55703125 0.16796875 0.028125 0.02421875
9 0.646875 0.17109375 0.02421875 0.0171875
3 0.61328125 0.15859375 0.01640625 0.01953125