3 0.91328125 0.1921875 0.0546875 0.059375
3 0.471875 0.14453125 0.0625 0.05625
3 0.528125 0.02265625 0.05625 0.0453125
1 0.72734375 0.16796875 0.178125 0.046875
11 0.8203125 0.3125 0.06875 0.053125
6 0.71484375 0.30703125 0.0625 0.0578125
9 0.61953125 0.309375 0.046875 0.04375
10 0.534375 0.2953125 0.059375 0.078125
7 0.4265625 0.30625 0.059375 0.078125
8 0.33046875 0.3078125 0.0578125 0.0625
9 0.22578125 0.4625 0.0578125 0.0390625
9 0.43671875 0.5828125 0.0453125 0.03125
9 0.44609375 0.675 0.04375 0.0375
9 0.5234375 0.76171875 0.04375 0.0453125