3 0.4546875 0.2609375 0.03828125 0.053125
8 0.45078125 0.3140625 0.05546875 0.0734375
9 0.64609375 0.71875 0.06953125 0.06640625
9 0.275 0.57265625 0.06171875 0.0625
9 0.26015625 0.3671875 0.0546875 0.0578125
9 0.709375 0.3171875 0.04609375 0.0578125
6 0.63984375 0.375 0.05625 0.0875
6 0.396875 0.58515625 0.065625 0.08828125
11 0.2828125 0.4359375 0.06484375 0.06953125
10 0.40625 0.3296875 0.0671875 0.1125
7 0.54140625 0.27890625 0.0546875 0.12265625
3 0.73203125 0.58515625 0.05546875 0.06171875
0 0.5234375 0.36875 0.0515625 0.08828125
0 0.628125 0.4578125 0.05703125 0.09140625
2 0.45546875 0.47421875 0.05390625 0.08203125
2 0.278125 0.49765625 0.07578125 0.07890625
5 0.3765625 0.4125 0.0578125 0.06875
5 0.54453125 0.5515625 0.06015625 0.075