11 0.8171875 0.77421875 0.0625 0.034375
11 0.2171875 0.77109375 0.059375 0.034375
8 0.2921875 0.76875 0.05 0.0359375
8 0.465625 0.47265625 0.0453125 0.0390625
6 0.63984375 0.76796875 0.04375 0.034375
6 0.378125 0.63984375 0.046875 0.034375
7 0.55078125 0.76953125 0.05 0.0375
10 0.753125 0.46015625 0.0640625 0.059375
9 0.78046875 0.7 0.046875 0.0296875
9 0.71328125 0.7078125 0.0421875 0.03125
9 0.63046875 0.69609375 0.0375 0.03125
9 0.54609375 0.7046875 0.034375 0.028125
9 0.4484375 0.70390625 0.040625 0.03125
9 0.4796875 0.59375 0.03125 0.0296875
9 0.30546875 0.58984375 0.0390625 0.0296875
9 0.29140625 0.521875 0.0375 0.03125
5 0.734375 0.36328125 0.046875 0.040625
5 0.27421875 0.38046875 0.04375 0.0421875
0 0.40625 0.35859375 0.0375 0.0515625
0 0.5453125 0.6453125 0.040625 0.0328125
2 0.77890625 0.6390625 0.053125 0.0421875
2 0.2359375 0.47578125 0.05625 0.040625
4 0.70234375 0.51875 0.059375 0.05625
1 0.55 0.5203125 0.04375 0.05625
3 0.60859375 0.57109375 0.034375 0.03125
3 0.46875 0.52734375 0.0359375 0.034375
3 0.3828125 0.51796875 0.034375 0.034375
3 0.6765625 0.4015625 0.0375 0.0375
3 0.61171875 0.4265625 0.03125 0.034375
3 0.4671875 0.41875 0.034375 0.034375
3 0.39453125 0.42421875 0.034375 0.040625
3 0.340625 0.4234375 0.0359375 0.0328125