10 0.50234375 0.40625 0.1125 0.10625
8 0.5734375 0.21015625 0.0828125 0.0625
8 0.54140625 0.7015625 0.0890625 0.084375
5 0.4640625 0.6765625 0.071875 0.0828125
11 0.65859375 0.2640625 0.075 0.071875
9 0.571875 0.428125 0.05 0.059375
2 0.4578125 0.559375 0.078125 0.09375
3 0.51171875 0.5453125 0.0484375 0.065625
0 0.6015625 0.66640625 0.084375 0.0890625
3 0.60078125 0.3390625 0.065625 0.0390625
1 0.625 0.565625 0.128125 0.1171875
4 0.65859375 0.4484375 0.1265625 0.084375
7 0.546875 0.29765625 0.1328125 0.078125
9 0.6484375 0.3765625 0.0625 0.046875