3 0.70390625 0.65078125 0.040625 0.046875
3 0.54765625 0.65390625 0.0375 0.0453125
3 0.19296875 0.6046875 0.053125 0.04375
3 0.284375 0.60859375 0.05 0.05
9 0.4578125 0.66171875 0.0390625 0.0484375
9 0.37421875 0.65390625 0.04375 0.0453125
6 0.29296875 0.66796875 0.05625 0.06875
9 0.178125 0.546875 0.0546875 0.046875
6 0.3640625 0.6046875 0.053125 0.0625
7 0.6296875 0.621875 0.0625 0.09375
2 0.715625 0.60078125 0.053125 0.0625
2 0.5390625 0.596875 0.046875 0.053125
3 0.4515625 0.60234375 0.0375 0.0453125
9 0.73359375 0.53359375 0.0515625 0.0421875
8 0.61640625 0.54765625 0.05 0.05625
5 0.53828125 0.54375 0.046875 0.0515625
1 0.44140625 0.5671875 0.0625 0.08125
3 0.2578125 0.54609375 0.05 0.04375
11 0.36171875 0.54375 0.0546875 0.053125
3 0.2671875 0.50078125 0.046875 0.040625
3 0.3609375 0.4765625 0.04375 0.040625
5 0.428125 0.46796875 0.05 0.046875
0 0.5328125 0.47890625 0.046875 0.0515625
4 0.62109375 0.48515625 0.065625 0.0671875
10 0.71875 0.4890625 0.075 0.0703125
9 0.25625 0.41328125 0.05625 0.0375
0 0.35703125 0.4140625 0.0609375 0.0515625
9 0.43984375 0.40546875 0.046875 0.0375
9 0.540625 0.41875 0.0421875 0.040625
8 0.63359375 0.4109375 0.0609375 0.05
11 0.72890625 0.41328125 0.0625 0.04375