6 0.76875 0.6 0.075 0.046875
9 0.73359375 0.53515625 0.053125 0.034375
9 0.71796875 0.45625 0.0515625 0.0375
3 0.73984375 0.72265625 0.05 0.04375
9 0.7 0.771875 0.053125 0.05
3 0.721875 0.64453125 0.053125 0.034375
3 0.6796875 0.7109375 0.053125 0.046875
3 0.64140625 0.73515625 0.05 0.05
11 0.6515625 0.62734375 0.065625 0.053125
6 0.7015625 0.58359375 0.0796875 0.0515625
1 0.65625 0.5515625 0.109375 0.0640625
3 0.6703125 0.50625 0.053125 0.0359375
3 0.684375 0.38046875 0.053125 0.040625
2 0.64140625 0.43515625 0.0625 0.046875
9 0.65390625 0.309375 0.05625 0.0359375
7 0.64140625 0.3421875 0.109375 0.0578125
3 0.6375 0.22890625 0.053125 0.04375
2 0.59296875 0.26484375 0.071875 0.0515625
8 0.57890625 0.4 0.071875 0.05
5 0.59765625 0.471875 0.059375 0.04375
3 0.59375 0.67578125 0.05 0.046875
5 0.56875 0.62734375 0.0625 0.05625
0 0.54921875 0.52421875 0.071875 0.0453125
4 0.5265625 0.44453125 0.0875 0.053125
9 0.52265625 0.2921875 0.0515625 0.05
10 0.49921875 0.34765625 0.090625 0.065625
11 0.41875 0.390625 0.059375 0.053125
8 0.45234375 0.484375 0.059375 0.05625
9 0.5734375 0.80703125 0.0515625 0.059375
0 0.5515625 0.72890625 0.0734375 0.06875
9 0.5109375 0.65859375 0.05 0.053125
9 0.48828125 0.559375 0.0484375 0.0484375