6 0.5515625 0.09140625 0.03515625 0.08046875
11 0.3625 0.1734375 0.021875 0.06015625
9 0.1359375 0.24921875 0.0546875 0.05078125
3 0.3078125 0.23125 0.04765625 0.05
9 0.35234375 0.27421875 0.03203125 0.053125
6 0.39375 0.30546875 0.05390625 0.07578125
1 0.38984375 0.17890625 0.06015625 0.11015625
4 0.4421875 0.21875 0.0546875 0.1015625
2 0.603125 0.13359375 0.0390625 0.07109375
3 0.6203125 0.24296875 0.03671875 0.05234375
3 0.78203125 0.31171875 0.0484375 0.05234375
3 0.465625 0.2953125 0.03671875 0.05234375
0 0.503125 0.3234375 0.04375 0.07578125
7 0.5421875 0.365625 0.053125 0.1015625
5 0.60078125 0.4359375 0.05 0.06015625
9 0.4265625 0.365625 0.03203125 0.04765625
10 0.45625 0.4 0.06875 0.084375
2 0.5046875 0.46640625 0.0515625 0.0625
5 0.29140625 0.634375 0.06953125 0.05390625