3 0.64296875 0.671875 0.040625 0.0484375
9 0.56640625 0.6734375 0.0375 0.0484375
8 0.42578125 0.675 0.04375 0.065625
1 0.3125 0.65078125 0.0671875 0.096875
3 0.24140625 0.621875 0.0453125 0.046875
10 0.22109375 0.58671875 0.078125 0.0875
9 0.40546875 0.61875 0.0375 0.046875
0 0.40234375 0.571875 0.04375 0.06875
3 0.56875 0.63046875 0.0375 0.046875
3 0.6578125 0.62265625 0.0484375 0.04375
6 0.734375 0.62890625 0.0546875 0.06875
4 0.85546875 0.5875 0.0890625 0.0890625
9 0.73671875 0.5703125 0.046875 0.046875
6 0.65 0.58046875 0.05 0.06875
9 0.7625 0.51484375 0.0484375 0.0484375
3 0.76875 0.44609375 0.053125 0.04375
2 0.66328125 0.4609375 0.0609375 0.0609375
5 0.58125 0.45625 0.05 0.0546875
3 0.5125 0.62109375 0.0375 0.046875
3 0.48359375 0.5671875 0.0390625 0.046875
11 0.5703125 0.5734375 0.0453125 0.0578125
5 0.47109375 0.528125 0.0453125 0.05625
9 0.39375 0.51484375 0.040625 0.046875
11 0.3140625 0.51328125 0.053125 0.053125
9 0.76328125 0.3828125 0.059375 0.046875
8 0.58984375 0.40390625 0.0546875 0.0625
9 0.39609375 0.46484375 0.040625 0.046875
0 0.2125 0.45 0.065625 0.0625
3 0.78984375 0.31484375 0.0625 0.0453125
2 0.6921875 0.3125 0.075 0.053125
9 0.5796875 0.296875 0.0515625 0.0484375
7 0.18359375 0.296875 0.1015625 0.075