9 0.63984375 0.30078125 0.0390625 0.04921875
3 0.571875 0.27890625 0.034375 0.04921875
6 0.46171875 0.2875 0.0375 0.07265625
6 0.49296875 0.35234375 0.0390625 0.07265625
3 0.52421875 0.31875 0.0359375 0.05078125
3 0.6046875 0.33671875 0.03671875 0.0484375
3 0.65 0.3625 0.0359375 0.04765625
9 0.7546875 0.40078125 0.0484375 0.05
0 0.7125 0.4421875 0.053125 0.0703125
3 0.63671875 0.41953125 0.0421875 0.04609375
11 0.56015625 0.38515625 0.04296875 0.059375
9 0.42421875 0.33828125 0.03671875 0.0515625
9 0.365625 0.375 0.03671875 0.04921875
3 0.31484375 0.42734375 0.03984375 0.0375
9 0.27734375 0.4796875 0.04921875 0.0484375
3 0.21484375 0.5234375 0.05390625 0.046875
7 0.328125 0.484375 0.07109375 0.0953125
2 0.28359375 0.55546875 0.065625 0.0625
8 0.421875 0.51875 0.04765625 0.0640625
2 0.4 0.45234375 0.05390625 0.059375
3 0.44375 0.40390625 0.03984375 0.0484375
1 0.50859375 0.403125 0.04453125 0.10078125
5 0.4640625 0.48046875 0.05 0.05703125
5 0.6140625 0.4578125 0.04765625 0.06015625
0 0.55078125 0.50703125 0.0453125 0.065625
4 0.50078125 0.55390625 0.05546875 0.08046875
9 0.3578125 0.61015625 0.05078125 0.05078125
10 0.4390625 0.61171875 0.0609375 0.0765625
11 0.521875 0.66875 0.0546875 0.05390625
8 0.58203125 0.60390625 0.0578125 0.05859375
9 0.6140625 0.5484375 0.04609375 0.0453125
9 0.678125 0.496875 0.046875 0.046875