3 0.26171875 0.67109375 0.04375 0.040625
2 0.31484375 0.5921875 0.05 0.04375
5 0.371875 0.5078125 0.04375 0.0421875
0 0.421875 0.590625 0.04375 0.046875
2 0.425 0.51796875 0.04375 0.04375
9 0.37109375 0.4234375 0.0375 0.0375
4 0.41953125 0.4328125 0.059375 0.05
1 0.48671875 0.33359375 0.05 0.065625
9 0.48671875 0.5078125 0.0375 0.040625
10 0.4765625 0.67578125 0.05 0.0640625
8 0.55234375 0.41875 0.034375 0.05
6 0.590625 0.75546875 0.0328125 0.0609375
11 0.67421875 0.5 0.034375 0.04375
7 0.6046875 0.3171875 0.040625 0.06875