3 0.090625 0.58515625 0.0546875 0.065625
3 0.50859375 0.2859375 0.0625 0.071875
3 0.77734375 0.39453125 0.065625 0.0671875
0 0.5609375 0.4703125 0.0640625 0.103125
5 0.70390625 0.509375 0.06875 0.0765625
2 0.5984375 0.63828125 0.05625 0.071875
9 0.9359375 0.45078125 0.071875 0.06875
9 0.68359375 0.625 0.04375 0.059375
9 0.4015625 0.69921875 0.040625 0.0578125
9 0.1765625 0.38671875 0.0703125 0.0734375
6 0.38671875 0.46015625 0.0546875 0.1046875
11 0.49296875 0.64453125 0.046875 0.06875
6 0.7390625 0.5875 0.071875 0.0921875