9 0.3546875 0.371875 0.02890625 0.05859375
7 0.6109375 0.32734375 0.053125 0.12265625
6 0.86796875 0.4171875 0.0640625 0.09296875
9 0.77890625 0.40390625 0.0515625 0.0578125
10 0.3171875 0.38046875 0.06875 0.1140625
4 0.3828125 0.41015625 0.0703125 0.11484375
8 0.45390625 0.39375 0.04609375 0.071875
0 0.4546875 0.44921875 0.0515625 0.09453125
5 0.54296875 0.49296875 0.046875 0.0765625
11 0.678125 0.48046875 0.06015625 0.07421875
2 0.625 0.5203125 0.053125 0.08515625
1 0.74140625 0.54453125 0.08515625 0.14140625
3 0.8640625 0.62421875 0.071875 0.07109375
9 0.390625 0.49765625 0.046875 0.0640625
9 0.31171875 0.559375 0.05859375 0.0671875
9 0.28046875 0.6640625 0.06640625 0.06875