0 0.82578125 0.6640625 0.0359375 0.03125
4 0.765625 0.54765625 0.05625 0.078125
5 0.73515625 0.5078125 0.040625 0.0453125
3 0.76640625 0.8875 0.021875 0.0546875
3 0.66953125 0.46953125 0.034375 0.0484375
1 0.6625 0.6640625 0.0375 0.1375
3 0.64765625 0.81484375 0.0390625 0.05
2 0.709375 0.9265625 0.028125 0.04375
2 0.66796875 0.9109375 0.0484375 0.046875
3 0.66796875 0.9609375 0.0390625 0.0484375
11 0.590625 0.753125 0.0578125 0.05
6 0.5984375 0.665625 0.071875 0.046875
9 0.5890625 0.58828125 0.046875 0.0375
10 0.6109375 0.51640625 0.09375 0.046875
7 0.60625 0.42890625 0.1015625 0.05
8 0.59296875 0.3484375 0.065625 0.046875
9 0.4890625 0.2375 0.0515625 0.053125
9 0.39296875 0.42421875 0.053125 0.0453125
9 0.30703125 0.428125 0.05625 0.0515625
3 0.215625 0.5140625 0.05625 0.053125