3 0.26640625 0.08125 0.0453125 0.04375
3 0.6171875 0.13515625 0.03828125 0.0484375
3 0.875 0.01796875 0.0609375 0.0296875
11 0.88671875 0.2453125 0.065625 0.05859375
11 0.60859375 0.24375 0.0453125 0.05546875
6 0.53515625 0.27109375 0.04140625 0.06328125
9 0.46875 0.3046875 0.03671875 0.04453125
10 0.40078125 0.31875 0.05625 0.07890625
7 0.32578125 0.36171875 0.0671875 0.07734375
8 0.2546875 0.39921875 0.05703125 0.05546875
9 0.26640625 0.54921875 0.05390625 0.03671875
9 0.5046875 0.5703125 0.04140625 0.03359375
9 0.5703125 0.62890625 0.0421875 0.03125
9 0.68828125 0.66171875 0.0515625 0.0328125
4 0.4 0.54765625 0.0640625 0.05234375
0 0.47265625 0.5203125 0.04375 0.040625
5 0.54453125 0.47890625 0.04609375 0.04296875
2 0.609375 0.44609375 0.0515625 0.05078125
1 0.68984375 0.4140625 0.07421875 0.065625
3 0.76015625 0.3765625 0.04921875 0.0421875