9 0.6640625 0.034375 0.0421875 0.06875
7 0.77265625 0.06171875 0.05625 0.121875
10 0.76015625 0.14375 0.0625 0.16875
9 0.6984375 0.525 0.05 0.0921875
9 0.6890625 0.4046875 0.046875 0.0875
9 0.6859375 0.30390625 0.04375 0.0875
9 0.6875 0.21328125 0.0421875 0.0875
9 0.66953125 0.1140625 0.0390625 0.090625
5 0.1859375 0.59453125 0.075 0.09375
2 0.1828125 0.50078125 0.0859375 0.0828125
5 0.22109375 0.0375 0.0578125 0.075
2 0.2171875 0.08046875 0.0703125 0.09375
3 0.49921875 0.0875 0.046875 0.08125
3 0.4375 0.26640625 0.05 0.0875
3 0.27109375 0.4125 0.0578125 0.075
3 0.27265625 0.31796875 0.05625 0.0765625
6 0.78515625 0.25703125 0.053125 0.1359375
8 0.7875 0.38515625 0.0640625 0.1203125
11 0.78984375 0.5046875 0.05625 0.1078125
3 0.26796875 0.48671875 0.05625 0.075
3 0.28203125 0.21875 0.053125 0.078125
3 0.29296875 0.1421875 0.046875 0.0765625
0 0.17109375 0.40546875 0.08125 0.10625
4 0.18828125 0.3046875 0.1 0.13125
1 0.1828125 0.19765625 0.0984375 0.1578125
0 0.20703125 0.1484375 0.071875 0.1140625
3 0.2671875 0.0796875 0.0515625 0.078125