3 0.85078125 0.3921875 0.053125 0.06875
9 0.890625 0.1171875 0.034375 0.0640625
9 0.8421875 0.2 0.0484375 0.075
9 0.7671875 0.26953125 0.028125 0.053125
9 0.84375 0.32421875 0.0625 0.04375
11 0.965625 0.28671875 0.05 0.065625
3 0.84140625 0.44375 0.0328125 0.04375
3 0.91796875 0.56484375 0.0390625 0.04375
5 0.27109375 0.621875 0.05 0.0328125
2 0.33125 0.32734375 0.05 0.05
8 0.33828125 0.78125 0.0484375 0.0484375
9 0.32109375 0.4671875 0.0375 0.0375
6 0.64765625 0.3578125 0.0359375 0.0578125
6 0.5921875 0.615625 0.0375 0.04375
8 0.653125 0.5125 0.04375 0.04375
4 0.35546875 0.6046875 0.06875 0.0453125
0 0.42109375 0.78046875 0.0546875 0.0453125
5 0.49453125 0.7515625 0.040625 0.04375
3 0.4765625 0.6578125 0.0375 0.03125
0 0.48359375 0.53046875 0.0453125 0.04375
3 0.6015625 0.74921875 0.0328125 0.040625
2 0.66484375 0.66796875 0.0421875 0.040625
1 0.6359375 0.1890625 0.046875 0.09375