0 0.809375 0.54140625 0.0796875 0.0421875
3 0.7421875 0.4046875 0.0515625 0.0453125
11 0.709375 0.334375 0.059375 0.0609375
6 0.6171875 0.234375 0.0671875 0.075
9 0.56171875 0.2703125 0.05 0.059375
11 0.65546875 0.40390625 0.025 0.01875
1 0.61484375 0.44453125 0.1078125 0.08125
9 0.728125 0.77265625 0.05625 0.04375
9 0.66015625 0.740625 0.05625 0.04375
9 0.6140625 0.665625 0.053125 0.0375
0 0.59765625 0.59296875 0.078125 0.046875
4 0.559375 0.64296875 0.096875 0.0578125
8 0.58203125 0.725 0.078125 0.053125
10 0.5046875 0.69765625 0.09375 0.0609375
5 0.54921875 0.5078125 0.065625 0.040625
8 0.50703125 0.5515625 0.065625 0.065625
2 0.53203125 0.44453125 0.05 0.053125
7 0.47265625 0.47265625 0.096875 0.0875
6 0.62578125 0.12265625 0.0703125 0.084375
2 0.40390625 0.53984375 0.0625 0.0734375
9 0.43515625 0.64609375 0.0546875 0.05
3 0.565625 0.8734375 0.0578125 0.053125
9 0.4671875 0.8828125 0.0546875 0.05