9 0.62109375 0.25546875 0.05625 0.071875
9 0.42109375 0.23203125 0.05625 0.05625
9 0.52734375 0.3578125 0.05625 0.0515625
9 0.57265625 0.50078125 0.05625 0.05
11 0.328125 0.32421875 0.06875 0.046875
11 0.39296875 0.55078125 0.065625 0.05
9 0.28671875 0.47109375 0.05625 0.0390625
9 0.28203125 0.6859375 0.0515625 0.0421875
3 0.44609375 0.39921875 0.0546875 0.04375
3 0.59609375 0.7265625 0.053125 0.05625
3 0.49921875 0.840625 0.0546875 0.065625
3 0.3734375 0.684375 0.053125 0.04375
3 0.39609375 0.78828125 0.05625 0.053125
1 0.15859375 0.73828125 0.115625 0.0703125
2 0.0703125 0.97421875 0.059375 0.0515625
5 0.19609375 0.9546875 0.0625 0.0625
6 0.2375 0.86328125 0.0828125 0.0625
8 0.315625 0.9796875 0.059375 0.040625