11 0.51953125 0.275 0.0328125 0.05390625
8 0.46796875 0.3015625 0.03671875 0.059375
6 0.42578125 0.32578125 0.0375 0.0703125
7 0.38046875 0.3375 0.05 0.0984375
10 0.31640625 0.3796875 0.0625 0.0859375
6 0.26953125 0.4203125 0.053125 0.06796875
8 0.19609375 0.4640625 0.0640625 0.06328125
11 0.13671875 0.5125 0.0625 0.05625
9 0.20546875 0.5484375 0.05234375 0.04921875
9 0.25703125 0.5125 0.04921875 0.04609375
9 0.32109375 0.465625 0.04140625 0.04609375
9 0.38671875 0.42734375 0.0375 0.0453125
9 0.4359375 0.3890625 0.0375 0.04609375
9 0.52734375 0.33125 0.03359375 0.04453125
9 0.56640625 0.3 0.034375 0.0453125
9 0.60859375 0.41171875 0.03515625 0.04609375
3 0.58125 0.52265625 0.040625 0.04375
2 0.74765625 0.4640625 0.05703125 0.059375
3 0.88515625 0.4234375 0.04921875 0.040625
3 0.86796875 0.45703125 0.05234375 0.0453125
5 0.97265625 0.45546875 0.0546875 0.05625
3 0.828125 0.5140625 0.05625 0.0421875
3 0.76484375 0.546875 0.04921875 0.04765625
3 0.665625 0.6390625 0.0453125 0.046875
3 0.62109375 0.7140625 0.0484375 0.04921875
3 0.55390625 0.753125 0.0484375 0.04921875
5 0.63515625 0.815625 0.0625 0.05703125
2 0.70546875 0.765625 0.07421875 0.0515625
0 0.76796875 0.6875 0.06640625 0.06171875
4 0.8015625 0.62578125 0.09140625 0.0796875
0 0.91328125 0.52109375 0.07421875 0.0578125
1 0.8828125 0.58203125 0.09375 0.090625