9 0.6453125 0.628125 0.028125 0.059375
7 0.3890625 0.67265625 0.053125 0.121875
6 0.13203125 0.5828125 0.0640625 0.09375
9 0.22109375 0.59609375 0.0515625 0.0578125
10 0.6828125 0.61953125 0.06875 0.1140625
4 0.6171875 0.58984375 0.0703125 0.115625
8 0.54609375 0.60625 0.046875 0.071875
0 0.5453125 0.55078125 0.0515625 0.09375
5 0.45703125 0.50703125 0.046875 0.0765625
11 0.321875 0.51953125 0.059375 0.075
2 0.375 0.4796875 0.053125 0.084375
1 0.25859375 0.45546875 0.084375 0.140625
3 0.1359375 0.37578125 0.071875 0.071875
9 0.609375 0.50234375 0.046875 0.0640625
9 0.68828125 0.440625 0.059375 0.0671875
9 0.71953125 0.3359375 0.065625 0.06875