3 0.30078125 0.103125 0.05 0.05546875
2 0.40234375 0.159375 0.053125 0.0640625
5 0.5078125 0.21953125 0.04765625 0.0625
4 0.60546875 0.271875 0.0703125 0.0796875
0 0.41640625 0.28515625 0.0515625 0.06328125
9 0.70546875 0.26875 0.0515625 0.04921875
2 0.80234375 0.27265625 0.07890625 0.0546875
6 0.5203125 0.35625 0.046875 0.0515625
1 0.7296875 0.34375 0.090625 0.06875
10 0.825 0.3296875 0.1 0.06640625
8 0.6328125 0.4265625 0.06640625 0.04296875
7 0.7578125 0.47734375 0.09765625 0.05078125
6 0.25703125 0.490625 0.06328125 0.0375
11 0.553125 0.565625 0.0484375 0.034375