3 0.35390625 0.48359375 0.053125 0.040625
0 0.40859375 0.65625 0.1 0.05625
3 0.396875 0.59921875 0.059375 0.040625
8 0.39453125 0.5421875 0.078125 0.04375
9 0.42265625 0.3484375 0.0625 0.04375
9 0.41953125 0.4421875 0.0609375 0.034375
0 0.434375 0.47421875 0.103125 0.046875
3 0.45859375 0.3765625 0.0328125 0.040625
3 0.47734375 0.2703125 0.06875 0.05
9 0.509375 0.378125 0.071875 0.0453125
9 0.43828125 0.565625 0.0609375 0.046875
3 0.4765625 0.60078125 0.06875 0.053125
11 0.49296875 0.5109375 0.084375 0.04375
2 0.55390625 0.421875 0.1 0.0625
6 0.52421875 0.54453125 0.1171875 0.0625
5 0.52109375 0.6640625 0.0890625 0.06875
7 0.42578125 0.7234375 0.1484375 0.075
4 0.471875 0.7640625 0.146875 0.090625