6 0.46796875 0.26484375 0.03515625 0.0703125
0 0.1734375 0.36484375 0.0515625 0.0765625
11 0.32734375 0.34609375 0.0375 0.05859375
0 0.36328125 0.36796875 0.03828125 0.075
3 0.440625 0.3703125 0.0296875 0.0484375
8 0.46796875 0.384375 0.03671875 0.06484375
3 0.59296875 0.3625 0.03515625 0.04765625
9 0.4 0.41328125 0.0390625 0.05
3 0.33125 0.43203125 0.03984375 0.04921875
5 0.23203125 0.44609375 0.0484375 0.06328125
6 0.27578125 0.48203125 0.04296875 0.07734375
2 0.31875 0.5359375 0.0546875 0.0671875
9 0.41484375 0.51875 0.0453125 0.05390625
9 0.50703125 0.43125 0.03828125 0.05
3 0.46796875 0.49453125 0.040625 0.05078125
9 0.571875 0.46484375 0.0421875 0.05078125
4 0.67578125 0.459375 0.075 0.09765625
3 0.534375 0.53203125 0.04296875 0.0515625
7 0.43984375 0.61875 0.06015625 0.11484375
10 0.88125 0.4578125 0.0875 0.09765625
3 0.865625 0.6078125 0.06484375 0.05546875