8 0.27578125 0.01640625 0.0421875 0.0328125
9 0.15078125 0.0578125 0.06875 0.046875
2 0.078125 0.05234375 0.0953125 0.0484375
11 0.58359375 0.35078125 0.0484375 0.065625
9 0.48125 0.38046875 0.046875 0.053125
4 0.54921875 0.396875 0.065625 0.09375
9 0.675 0.40859375 0.053125 0.053125
9 0.60703125 0.41328125 0.05 0.053125
0 0.44765625 0.425 0.053125 0.071875
3 0.6265625 0.45546875 0.05 0.0484375
3 0.70390625 0.45625 0.04375 0.05
1 0.52421875 0.47421875 0.0625 0.0921875
8 0.4328125 0.4875 0.0625 0.065625
10 0.66484375 0.49296875 0.08125 0.08125
8 0.59453125 0.525 0.075 0.0875
6 0.378125 0.5453125 0.0625 0.0625
2 0.5 0.56328125 0.05 0.0640625
5 0.5390625 0.6109375 0.0578125 0.053125
6 0.62890625 0.5875 0.0625 0.05625