9 0.35546875 0.865625 0.05 0.059375
9 0.2546875 0.1625 0.0515625 0.0359375
3 0.24921875 0.2296875 0.04375 0.0359375
3 0.2765625 0.20703125 0.05 0.034375
6 0.340625 0.18984375 0.0875 0.053125
8 0.3828125 0.27421875 0.0765625 0.05
9 0.484375 0.17109375 0.0671875 0.05
9 0.5453125 0.2796875 0.065625 0.053125
9 0.41171875 0.45625 0.0625 0.03125
9 0.384375 0.5625 0.053125 0.040625
7 0.4515625 0.48359375 0.1359375 0.0578125
3 0.34921875 0.421875 0.053125 0.0359375
3 0.41953125 0.66796875 0.0609375 0.04375
3 0.42265625 0.74921875 0.05625 0.046875
5 0.42890625 0.3671875 0.0703125 0.05
0 0.46796875 0.37265625 0.09375 0.05625