10 0.7578125 0.3375 0.059375 0.090625
3 0.475 0.39453125 0.034375 0.046875
6 0.2359375 0.384375 0.05 0.0734375
4 0.69296875 0.40859375 0.0625 0.09375
9 0.6296875 0.46015625 0.0390625 0.05
9 0.55078125 0.47109375 0.0375 0.053125
8 0.46015625 0.459375 0.04375 0.065625
3 0.409375 0.4671875 0.040625 0.05
0 0.3796875 0.50234375 0.05 0.075
11 0.2921875 0.5109375 0.0546875 0.0625
9 0.46640625 0.5140625 0.040625 0.0484375
3 0.721875 0.51171875 0.0421875 0.053125
3 0.63515625 0.52421875 0.0375 0.05
9 0.65390625 0.55859375 0.04375 0.0453125
7 0.86640625 0.5828125 0.0921875 0.115625
2 0.6546875 0.61875 0.05 0.075
6 0.54921875 0.6140625 0.05 0.084375
3 0.4609375 0.5625 0.04375 0.0515625
0 0.23828125 0.61796875 0.0625 0.084375
5 0.44453125 0.625 0.05625 0.06875