5 0.4671875 0.2703125 0.0375 0.05234375
4 0.3859375 0.30625 0.05234375 0.090625
3 0.46328125 0.3140625 0.0359375 0.046875
2 0.540625 0.34140625 0.03984375 0.06328125
3 0.44453125 0.35390625 0.03203125 0.04609375
3 0.390625 0.38046875 0.0359375 0.046875
9 0.69765625 0.36640625 0.03984375 0.046875
9 0.83671875 0.434375 0.05 0.04921875
8 0.6640625 0.396875 0.05078125 0.059375
9 0.72734375 0.43359375 0.04609375 0.04765625
9 0.8078125 0.46796875 0.0453125 0.0484375
9 0.746875 0.50234375 0.046875 0.04765625
6 0.84296875 0.534375 0.0640625 0.06875
0 0.6296875 0.5046875 0.05 0.06953125
10 0.56796875 0.465625 0.05625 0.08671875
3 0.44921875 0.4765625 0.0390625 0.05078125
11 0.49765625 0.51953125 0.04609375 0.05625
3 0.32109375 0.4140625 0.040625 0.04765625
11 0.56796875 0.5640625 0.046875 0.05546875
7 0.78203125 0.56484375 0.07890625 0.09609375
0 0.20390625 0.39921875 0.059375 0.06875
3 0.2609375 0.453125 0.04609375 0.046875
3 0.21328125 0.48359375 0.0484375 0.04765625
3 0.25078125 0.53515625 0.05234375 0.04921875
6 0.50625 0.59921875 0.05 0.06640625
9 0.57109375 0.64140625 0.04453125 0.04609375
8 0.3640625 0.60078125 0.0640625 0.06015625
9 0.52109375 0.7 0.05 0.0484375
1 0.60546875 0.73203125 0.06875 0.0828125
9 0.43828125 0.7765625 0.05078125 0.046875
8 0.171875 0.575 0.07578125 0.05703125
5 0.096875 0.48671875 0.06328125 0.05859375