6 0.459375 0.70078125 0.04375 0.0828125
8 0.4203125 0.62421875 0.0703125 0.096875
0 0.33515625 0.590625 0.05 0.109375
9 0.2859375 0.51796875 0.06875 0.0765625
4 0.3890625 0.52890625 0.075 0.1390625
11 0.31171875 0.4296875 0.084375 0.0875
1 0.484375 0.60546875 0.06875 0.1609375
2 0.5671875 0.6296875 0.059375 0.0875
5 0.65078125 0.6328125 0.04375 0.0890625
6 0.684375 0.58984375 0.071875 0.1125
7 0.59765625 0.6 0.0828125 0.153125
10 0.6109375 0.5328125 0.0859375 0.1390625
3 0.51484375 0.47890625 0.05625 0.0703125
3 0.5765625 0.43125 0.065625 0.075
9 0.43671875 0.459375 0.0625 0.0734375
9 0.48671875 0.40546875 0.065625 0.075