6 0.08671875 0.76953125 0.0875 0.09375
6 0.178125 0.70703125 0.0796875 0.090625
9 0.28515625 0.696875 0.059375 0.0625
7 0.59453125 0.65859375 0.06875 0.1296875
2 0.7015625 0.63046875 0.0703125 0.0875
2 0.48046875 0.62734375 0.059375 0.075
1 0.35 0.59609375 0.096875 0.1234375
11 0.25078125 0.5625 0.084375 0.071875
5 0.4796875 0.56171875 0.059375 0.071875
8 0.5765625 0.57265625 0.0625 0.0671875
9 0.7296875 0.56171875 0.05 0.0328125
10 0.709375 0.4984375 0.096875 0.103125
4 0.58125 0.49296875 0.08125 0.1
0 0.4703125 0.484375 0.059375 0.0796875
9 0.478125 0.40390625 0.05625 0.05625
8 0.59765625 0.396875 0.078125 0.071875
9 0.86484375 0.375 0.08125 0.0578125
3 0.7296875 0.28984375 0.0703125 0.0546875
9 0.453125 0.2921875 0.0640625 0.053125
9 0.325 0.171875 0.0796875 0.053125