9 0.8703125 0.57421875 0.0734375 0.03359375
1 0.59609375 0.7515625 0.20234375 0.05546875
2 0.83203125 0.38046875 0.08984375 0.05390625
5 0.396875 0.1625 0.0953125 0.075
5 0.84375 0.27421875 0.078125 0.040625
0 0.56796875 0.17890625 0.1078125 0.0796875
0 0.77734375 0.5765625 0.12109375 0.04375
3 0.665625 0.42734375 0.08046875 0.0453125
3 0.471875 0.3296875 0.07734375 0.0578125
3 0.4890625 0.2546875 0.07734375 0.05546875
3 0.55390625 0.26640625 0.07265625 0.05546875
3 0.63203125 0.28125 0.0734375 0.04921875
3 0.7046875 0.303125 0.06953125 0.04375
3 0.76015625 0.3234375 0.07109375 0.0421875
3 0.80546875 0.30625 0.065625 0.03984375
4 0.77890625 0.24609375 0.1375 0.0734375
9 0.396875 0.6765625 0.0890625 0.0515625
9 0.52734375 0.6640625 0.0921875 0.04375
9 0.61015625 0.64375 0.08671875 0.0359375
9 0.83203125 0.6390625 0.078125 0.03359375
9 0.8875 0.64765625 0.08125 0.03125
9 0.93125 0.6359375 0.07109375 0.0265625
9 0.92578125 0.4984375 0.03046875 0.02421875
8 0.509375 0.47265625 0.11953125 0.0625
8 0.8671875 0.5046875 0.09609375 0.04609375
11 0.66484375 0.496875 0.09609375 0.046875
11 0.67890625 0.58125 0.1015625 0.040625
6 0.61484375 0.57265625 0.1296875 0.04765625
7 0.834375 0.71796875 0.18828125 0.05
10 0.7734375 0.50234375 0.1640625 0.06015625
2 0.38515625 0.303125 0.1078125 0.08359375