9 0.515625 0.7734375 0.034375 0.046875
9 0.478125 0.75 0.034375 0.04375
9 0.43828125 0.71484375 0.0359375 0.04375
6 0.37734375 0.75234375 0.0421875 0.06875
11 0.28125 0.6828125 0.053125 0.05625
11 0.07890625 0.55859375 0.06875 0.0515625
10 0.20390625 0.58359375 0.08125 0.078125
9 0.12890625 0.5171875 0.05625 0.0421875
9 0.3828125 0.60234375 0.040625 0.046875
9 0.38671875 0.534375 0.0421875 0.040625
7 0.49453125 0.6484375 0.0484375 0.090625
8 0.5328125 0.7203125 0.0390625 0.059375
8 0.55078125 0.665625 0.04375 0.059375
3 0.6328125 0.72109375 0.03125 0.040625
1 0.65234375 0.6828125 0.059375 0.0921875
6 0.61328125 0.6171875 0.04375 0.0625
0 0.509375 0.5421875 0.0421875 0.059375
9 0.6109375 0.54921875 0.0375 0.04375
2 0.72734375 0.625 0.059375 0.0546875
3 0.790625 0.58984375 0.0484375 0.04375
3 0.7484375 0.55234375 0.046875 0.04375
5 0.90234375 0.6078125 0.0609375 0.05625
4 0.82421875 0.53671875 0.084375 0.0796875
3 0.63046875 0.4609375 0.0421875 0.040625
9 0.703125 0.4234375 0.0453125 0.040625
3 0.56875 0.41640625 0.0421875 0.040625
0 0.665625 0.375 0.053125 0.0515625
2 0.584375 0.33671875 0.046875 0.053125
3 0.5234375 0.3796875 0.0421875 0.0390625
3 0.44609375 0.2953125 0.046875 0.040625
5 0.52578125 0.2578125 0.05 0.046875
3 0.37734375 0.453125 0.0390625 0.0375