4 0.20859375 0.43828125 0.071875 0.075
6 0.3140625 0.3984375 0.0453125 0.059375
9 0.3140625 0.453125 0.040625 0.040625
9 0.29296875 0.50390625 0.0390625 0.04375
6 0.39375 0.44453125 0.0421875 0.059375
3 0.3953125 0.35625 0.034375 0.04375
3 0.4625 0.3953125 0.034375 0.0421875
8 0.59453125 0.35390625 0.040625 0.059375
3 0.51484375 0.4046875 0.034375 0.040625
0 0.61796875 0.453125 0.04375 0.059375
0 0.790625 0.56796875 0.0625 0.053125
1 0.7 0.38046875 0.065625 0.084375
5 0.55703125 0.49296875 0.0453125 0.053125
5 0.45859375 0.559375 0.04375 0.046875
2 0.3859375 0.55625 0.05 0.0515625
3 0.29140625 0.5671875 0.04375 0.0375
3 0.27734375 0.68671875 0.05 0.0375
7 0.8171875 0.70703125 0.090625 0.0625
9 0.4640625 0.35546875 0.034375 0.040625
11 0.4640625 0.45 0.040625 0.05
8 0.45390625 0.60859375 0.04375 0.053125
9 0.29921875 0.62578125 0.046875 0.040625
9 0.46484375 0.70390625 0.04375 0.0421875
9 0.625 0.55234375 0.0390625 0.040625
9 0.6265625 0.50546875 0.0375 0.040625
8 0.69921875 0.5078125 0.0515625 0.046875
10 0.784375 0.44140625 0.0734375 0.075
3 0.76484375 0.40546875 0.0421875 0.040625
9 0.6140625 0.4078125 0.0375 0.0421875
3 0.3828125 0.40234375 0.040625 0.0390625
2 0.36640625 0.68984375 0.059375 0.0453125
3 0.54296875 0.45625 0.0375 0.040625