0 0.45859375 0.809375 0.0421875 0.0796875
3 0.5953125 0.7421875 0.0453125 0.0515625
11 0.665625 0.709375 0.0609375 0.059375
6 0.765625 0.6171875 0.075 0.0671875
9 0.7296875 0.56171875 0.059375 0.05
11 0.59609375 0.65546875 0.01875 0.025
1 0.55546875 0.61484375 0.08125 0.1078125
9 0.22734375 0.728125 0.04375 0.05625
9 0.259375 0.66015625 0.04375 0.05625
9 0.334375 0.6140625 0.0375 0.053125
0 0.40703125 0.59765625 0.046875 0.078125
4 0.35703125 0.559375 0.0578125 0.096875
8 0.275 0.58203125 0.053125 0.078125
10 0.30234375 0.5046875 0.0609375 0.09375
5 0.4921875 0.54921875 0.040625 0.065625
8 0.4484375 0.50703125 0.065625 0.065625
2 0.55546875 0.53203125 0.053125 0.05
7 0.52734375 0.47265625 0.0875 0.096875
6 0.87734375 0.62578125 0.084375 0.0703125
2 0.46015625 0.40390625 0.0734375 0.0625
9 0.35390625 0.43515625 0.05 0.0546875
3 0.1265625 0.565625 0.053125 0.0578125
9 0.1171875 0.4671875 0.0515625 0.0546875