9 0.46171875 0.75 0.0375 0.053125
9 0.33203125 0.71875 0.0390625 0.059375
9 0.646875 0.70859375 0.046875 0.0546875
0 0.39453125 0.7484375 0.040625 0.090625
3 0.709375 0.67578125 0.046875 0.05625
6 0.72421875 0.628125 0.0703125 0.090625
3 0.65703125 0.65 0.053125 0.05625
3 0.59765625 0.69296875 0.05 0.053125
3 0.54609375 0.72109375 0.0359375 0.034375
11 0.5234375 0.67265625 0.0546875 0.071875
6 0.5890625 0.65 0.0625 0.096875
9 0.65859375 0.59375 0.05625 0.0625
3 0.453125 0.703125 0.0375 0.059375
1 0.4765625 0.678125 0.078125 0.1390625
5 0.3953125 0.6953125 0.046875 0.075
5 0.38671875 0.6515625 0.034375 0.025
3 0.5265625 0.60625 0.05 0.0625
9 0.60234375 0.55703125 0.053125 0.065625
3 0.5171875 0.521875 0.05 0.0703125
2 0.4390625 0.59140625 0.053125 0.0890625
0 0.31640625 0.68359375 0.0484375 0.0921875
9 0.2671875 0.6953125 0.025 0.0625
4 0.23828125 0.66875 0.06875 0.134375
8 0.175 0.68515625 0.0578125 0.0890625
11 0.0796875 0.65234375 0.065625 0.078125
10 0.140625 0.64140625 0.0765625 0.1390625
8 0.31015625 0.60078125 0.05625 0.084375
7 0.365625 0.5765625 0.078125 0.1484375
9 0.42109375 0.49765625 0.05625 0.071875
3 0.34609375 0.45234375 0.0609375 0.075
2 0.2609375 0.51875 0.06875 0.0953125
9 0.17265625 0.55859375 0.05625 0.071875