6 0.53984375 0.88828125 0.04375 0.071875
1 0.46484375 0.796875 0.053125 0.0984375
10 0.18828125 0.753125 0.078125 0.084375
3 0.05546875 0.675 0.05625 0.046875
3 0.3046875 0.6484375 0.04375 0.046875
8 0.11640625 0.6078125 0.0640625 0.059375
9 0.40859375 0.54296875 0.04375 0.0359375
6 0.803125 0.67109375 0.071875 0.059375
4 0.78359375 0.5640625 0.090625 0.065625
9 0.63515625 0.490625 0.053125 0.0375
4 0.61796875 0.42421875 0.046875 0.034375
2 0.46640625 0.33515625 0.0484375 0.0390625
2 0.3421875 0.4171875 0.046875 0.046875