6 0.22421875 0.83125 0.05625 0.071875
6 0.62265625 0.85078125 0.04375 0.075
11 0.5390625 0.7765625 0.040625 0.059375
4 0.7390625 0.78203125 0.0671875 0.09375
1 0.2984375 0.734375 0.075 0.09375
5 0.55546875 0.64765625 0.04375 0.053125
9 0.73515625 0.65390625 0.046875 0.0484375
3 0.8 0.60625 0.05 0.04375
10 0.17421875 0.5390625 0.090625 0.0671875
3 0.3640625 0.54375 0.046875 0.040625
9 0.54921875 0.54765625 0.040625 0.0390625
2 0.828125 0.471875 0.065625 0.0484375
2 0.671875 0.434375 0.065625 0.040625
3 0.171875 0.40078125 0.059375 0.034375
8 0.30546875 0.40078125 0.0703125 0.040625