5 0.21171875 0.5953125 0.046875 0.025
8 0.25234375 0.72109375 0.046875 0.0390625
0 0.30546875 0.71796875 0.0625 0.0375
4 0.25625 0.57578125 0.0796875 0.0375
9 0.23984375 0.46328125 0.040625 0.0296875
2 0.240625 0.34609375 0.05 0.034375
10 0.28515625 0.321875 0.075 0.053125
9 0.30703125 0.446875 0.040625 0.03125
1 0.33125 0.49453125 0.0828125 0.04375
3 0.34609375 0.6140625 0.040625 0.03125
5 0.359375 0.690625 0.05 0.0390625
6 0.41875 0.5703125 0.059375 0.0375
3 0.43359375 0.684375 0.040625 0.0359375
0 0.471875 0.703125 0.0609375 0.04375
0 0.44140625 0.725 0.003125 0.003125
2 0.4734375 0.61015625 0.0578125 0.0375
8 0.4625 0.475 0.05625 0.0375
6 0.45234375 0.340625 0.0578125 0.046875
7 0.36015625 0.36171875 0.0828125 0.0546875
3 0.61171875 0.384375 0.0390625 0.0421875
3 0.67265625 0.50390625 0.040625 0.040625
11 0.7125 0.2328125 0.046875 0.0625
3 0.77421875 0.33828125 0.034375 0.040625
3 0.8 0.49921875 0.0390625 0.0421875