3 0.73984375 0.73203125 0.05625 0.046875
3 0.4796875 0.29609375 0.04375 0.05625
3 0.86796875 0.1109375 0.05 0.046875
3 0.765625 0.03828125 0.053125 0.040625
9 0.78046875 0.0203125 0.08125 0.028125
9 0.753125 0.3796875 0.046875 0.053125
9 0.26953125 0.4359375 0.0640625 0.05
9 0.28203125 0.69609375 0.059375 0.04375
9 0.63515625 0.8828125 0.0625 0.0390625
6 0.66875 0.46953125 0.059375 0.071875
6 0.40078125 0.7328125 0.071875 0.05
7 0.5703125 0.340625 0.053125 0.103125
8 0.47265625 0.37578125 0.0515625 0.0828125
10 0.4203125 0.40546875 0.065625 0.0890625
11 0.28984375 0.5296875 0.06875 0.05
2 0.46875 0.58671875 0.059375 0.0578125
2 0.2890625 0.609375 0.071875 0.059375
5 0.384375 0.5 0.05625 0.05625
5 0.553125 0.6859375 0.05625 0.053125
0 0.65078125 0.57890625 0.0625 0.065625
0 0.546875 0.45546875 0.05 0.071875