5 0.6875 0.60390625 0.05 0.0359375
3 0.66328125 0.571875 0.04375 0.0296875
4 0.69140625 0.503125 0.0875 0.040625
3 0.64921875 0.52421875 0.040625 0.028125
3 0.64453125 0.4625 0.04375 0.03125
3 0.63984375 0.3875 0.0453125 0.034375
0 0.671875 0.3140625 0.06875 0.0375
3 0.63046875 0.3171875 0.046875 0.0375
3 0.625 0.26328125 0.046875 0.0375
5 0.64296875 0.1875 0.053125 0.04375
2 0.6421875 0.60625 0.0625 0.0375
3 0.596875 0.24765625 0.046875 0.04375
2 0.59296875 0.1640625 0.0640625 0.0578125
8 0.54609375 0.2640625 0.06875 0.059375
3 0.60078125 0.4296875 0.0265625 0.028125
9 0.596875 0.7296875 0.0515625 0.040625
8 0.590625 0.6671875 0.0671875 0.046875
10 0.58515625 0.5171875 0.103125 0.05
11 0.55859375 0.42734375 0.0625 0.040625
11 0.51875 0.45 0.065625 0.0484375
0 0.54375 0.54375 0.084375 0.046875
6 0.521875 0.365625 0.0875 0.046875
9 0.4734375 0.3890625 0.059375 0.046875
9 0.43359375 0.17265625 0.0625 0.0546875
9 0.45078125 0.284375 0.0546875 0.015625
1 0.44140625 0.3171875 0.140625 0.075
9 0.55078125 0.7015625 0.053125 0.04375
9 0.52578125 0.8078125 0.05625 0.0515625
9 0.5125 0.75 0.0578125 0.0390625
9 0.50859375 0.659375 0.05625 0.0421875
6 0.47421875 0.709375 0.09375 0.05625
7 0.4859375 0.60859375 0.1328125 0.0609375