3 0.64609375 0.51640625 0.053125 0.040625
0 0.59140625 0.34375 0.1 0.05625
3 0.603125 0.40078125 0.059375 0.040625
8 0.60546875 0.4578125 0.078125 0.04375
9 0.57734375 0.6515625 0.0625 0.04375
9 0.58046875 0.5578125 0.0609375 0.034375
0 0.565625 0.52578125 0.103125 0.046875
3 0.54140625 0.6234375 0.0328125 0.040625
3 0.52265625 0.7296875 0.06875 0.05
9 0.490625 0.621875 0.071875 0.0453125
9 0.56171875 0.434375 0.0609375 0.046875
3 0.5234375 0.39921875 0.06875 0.053125
11 0.50703125 0.4890625 0.084375 0.04375
2 0.44609375 0.578125 0.1 0.0625
6 0.47578125 0.45546875 0.1171875 0.0625
5 0.47890625 0.3359375 0.0890625 0.06875
7 0.57421875 0.2765625 0.1484375 0.075
4 0.528125 0.2359375 0.146875 0.090625