6 0.53203125 0.73515625 0.034375 0.0703125
0 0.8265625 0.63515625 0.0515625 0.0765625
11 0.67265625 0.65390625 0.0375 0.059375
0 0.63671875 0.63203125 0.0375 0.075
3 0.559375 0.6296875 0.0296875 0.0484375
8 0.53203125 0.615625 0.0375 0.065625
3 0.40703125 0.6375 0.034375 0.046875
9 0.6 0.58671875 0.0390625 0.05
3 0.66875 0.56796875 0.040625 0.05
5 0.76796875 0.55390625 0.0484375 0.0625
6 0.72421875 0.51796875 0.04375 0.078125
2 0.68125 0.4640625 0.0546875 0.0671875
9 0.58515625 0.48125 0.0453125 0.053125
9 0.49296875 0.56875 0.0375 0.05
3 0.53203125 0.50546875 0.040625 0.05
9 0.428125 0.53515625 0.0421875 0.05
4 0.32421875 0.540625 0.075 0.096875
3 0.465625 0.46796875 0.04375 0.0515625
7 0.56015625 0.38125 0.059375 0.115625
10 0.11875 0.5421875 0.0875 0.0984375
3 0.134375 0.3921875 0.065625 0.05625