9 0.11953125 0.540625 0.0375 0.05
6 0.30390625 0.5140625 0.0734375 0.040625
0 0.29765625 0.396875 0.059375 0.040625
4 0.3609375 0.40703125 0.084375 0.053125
9 0.41796875 0.41640625 0.0484375 0.0375
2 0.365625 0.309375 0.0625 0.04375
5 0.3578125 0.59765625 0.05625 0.04375
1 0.38671875 0.5265625 0.0953125 0.053125
3 0.4484375 0.490625 0.046875 0.0375
11 0.43515625 0.33671875 0.053125 0.05
3 0.46640625 0.40546875 0.0453125 0.040625
6 0.4203125 0.68203125 0.06875 0.053125
7 0.45234375 0.60703125 0.090625 0.0609375
10 0.5 0.53046875 0.08125 0.053125
9 0.503125 0.4421875 0.0453125 0.040625
8 0.540625 0.403125 0.0578125 0.05625