4 0.59921875 0.3328125 0.06171875 0.08359375
6 0.4890625 0.31640625 0.040625 0.0671875
8 0.71796875 0.37109375 0.06171875 0.053125
10 0.64453125 0.38046875 0.071875 0.08203125
1 0.5265625 0.34453125 0.0578125 0.09140625
11 0.43203125 0.3390625 0.04140625 0.0484375
2 0.42734375 0.38046875 0.04375 0.05703125
3 0.703125 0.41328125 0.04375 0.0421875
9 0.63203125 0.4375 0.04140625 0.04296875
3 0.6875 0.46015625 0.0453125 0.04140625
11 0.7828125 0.478125 0.06015625 0.0515625
5 0.6875 0.50078125 0.0578125 0.0515625
9 0.54140625 0.45625 0.04140625 0.0453125
0 0.47734375 0.434375 0.0453125 0.065625
6 0.3890625 0.41484375 0.03984375 0.06640625
7 0.61328125 0.5 0.08046875 0.08671875
9 0.45859375 0.4921875 0.0390625 0.046875
8 0.76875 0.56328125 0.07109375 0.05625
5 0.52890625 0.53046875 0.04921875 0.05625