5 0.4046875 0.21171875 0.02421875 0.04765625
8 0.27890625 0.25234375 0.0390625 0.04765625
0 0.28203125 0.30546875 0.03828125 0.06328125
4 0.42421875 0.25625 0.0375 0.0796875
9 0.53671875 0.23984375 0.0296875 0.040625
2 0.65390625 0.240625 0.03515625 0.05
10 0.678125 0.28515625 0.05390625 0.07578125
9 0.553125 0.30703125 0.03125 0.03984375
1 0.50546875 0.33125 0.04296875 0.0828125
3 0.3859375 0.34609375 0.03125 0.03984375
5 0.309375 0.359375 0.0390625 0.04921875
6 0.4296875 0.41875 0.03828125 0.06015625
3 0.315625 0.43359375 0.0359375 0.04140625
0 0.296875 0.471875 0.04296875 0.0609375
0 0.275 0.44140625 0.003125 0.003125
2 0.38984375 0.4734375 0.0375 0.0578125
8 0.525 0.4625 0.03828125 0.05703125
6 0.659375 0.45234375 0.04609375 0.0578125
7 0.63828125 0.36015625 0.0546875 0.0828125
3 0.615625 0.61171875 0.0421875 0.0390625
3 0.49609375 0.67265625 0.040625 0.040625
11 0.7671875 0.7125 0.06328125 0.04609375
3 0.66171875 0.77421875 0.04140625 0.034375
3 0.50078125 0.8 0.0421875 0.0390625