8 0.77734375 0.26953125 0.071875 0.096875
11 0.53359375 0.2640625 0.0578125 0.0859375
9 0.72109375 0.328125 0.0625 0.06875
3 0.62890625 0.31328125 0.053125 0.065625
2 0.37109375 0.2625 0.071875 0.090625
4 0.44375 0.33515625 0.075 0.128125
0 0.26875 0.3703125 0.0828125 0.096875
9 0.53203125 0.34765625 0.053125 0.0671875
10 0.81953125 0.371875 0.125 0.115625
7 0.78359375 0.46875 0.13125 0.1203125
3 0.64375 0.39921875 0.0515625 0.06875
1 0.57890625 0.43203125 0.09375 0.121875
6 0.32734375 0.50078125 0.0828125 0.08125
5 0.50390625 0.56640625 0.0671875 0.06875
6 0.7328125 0.603125 0.09375 0.06875