3 0.53984375 0.2546875 0.03359375 0.04609375
2 0.2453125 0.3109375 0.0578125 0.05625
6 0.16484375 0.328125 0.06484375 0.06484375
3 0.41640625 0.321875 0.03515625 0.04375
5 0.67578125 0.35390625 0.04296875 0.05625
7 0.603125 0.3625 0.0453125 0.090625
0 0.5234375 0.3890625 0.0421875 0.06484375
3 0.46015625 0.4140625 0.03984375 0.04296875
4 0.3609375 0.40625 0.0671875 0.08046875
1 0.284375 0.4296875 0.0765625 0.08671875
11 0.2328125 0.45703125 0.06015625 0.05
2 0.71171875 0.40703125 0.0515625 0.053125
10 0.63046875 0.41640625 0.0515625 0.07734375
9 0.553125 0.44453125 0.03671875 0.04296875
6 0.47578125 0.4546875 0.04375 0.05625
9 0.39921875 0.48203125 0.0421875 0.03984375
3 0.31015625 0.5140625 0.046875 0.03984375
5 0.9046875 0.54296875 0.0671875 0.05234375
9 0.278125 0.6515625 0.0546875 0.03828125
3 0.85234375 0.02578125 0.03515625 0.04453125
9 0.4421875 0.01796875 0.028125 0.034375