7 0.3078125 0.484375 0.10625 0.0453125
2 0.3109375 0.53984375 0.059375 0.0375
9 0.315625 0.60703125 0.0140625 0.01875
2 0.35859375 0.44140625 0.065625 0.034375
8 0.35703125 0.528125 0.0640625 0.040625
0 0.39765625 0.54375 0.08125 0.04375
4 0.3625 0.59375 0.1 0.053125
10 0.3359375 0.640625 0.1 0.05625
8 0.4 0.6578125 0.071875 0.0453125
9 0.3546875 0.7640625 0.05 0.040625
3 0.40546875 0.77578125 0.053125 0.046875
9 0.47109375 0.6734375 0.05625 0.046875
9 0.43125 0.60078125 0.0546875 0.0375
5 0.3796875 0.484375 0.0625 0.04375
1 0.3796875 0.4125 0.1140625 0.059375
11 0.43828125 0.36484375 0.0640625 0.053125
9 0.3859375 0.25859375 0.05 0.04375
6 0.40078125 0.19140625 0.08125 0.0578125
6 0.403125 0.06171875 0.08125 0.06875
11 0.5046875 0.1984375 0.071875 0.065625
3 0.5546875 0.25078125 0.059375 0.05625
0 0.62890625 0.396875 0.09375 0.0625
9 0.5421875 0.7109375 0.0578125 0.05