5 0.65390625 0.8359375 0.05625 0.0515625
0 0.68515625 0.675 0.06875 0.04375
9 0.32265625 0.778125 0.04375 0.059375
11 0.24453125 0.77890625 0.0515625 0.0671875
6 0.2828125 0.56015625 0.05625 0.05625
2 0.6734375 0.76796875 0.059375 0.05
4 0.69296875 0.615625 0.0875 0.0515625
1 0.71875 0.5453125 0.0953125 0.040625
0 0.7140625 0.45390625 0.065625 0.0375
2 0.715625 0.38828125 0.05625 0.0453125
5 0.72265625 0.3265625 0.053125 0.04375
3 0.671875 0.3015625 0.04375 0.0375
3 0.671875 0.35625 0.04375 0.0390625
3 0.66640625 0.4515625 0.046875 0.034375
3 0.64609375 0.515625 0.04375 0.034375
3 0.63984375 0.5921875 0.04375 0.034375
3 0.62421875 0.65703125 0.04375 0.0375
3 0.6234375 0.75 0.0453125 0.0421875
3 0.6046875 0.8125 0.0453125 0.04375
11 0.37421875 0.10390625 0.053125 0.075
8 0.3546875 0.19609375 0.05625 0.0671875
6 0.33984375 0.2859375 0.05625 0.0671875
7 0.33125 0.3578125 0.0734375 0.078125
10 0.309375 0.47109375 0.06875 0.059375
8 0.2609375 0.66796875 0.0609375 0.05625
9 0.42734375 0.14921875 0.04375 0.05625
9 0.4171875 0.2359375 0.04375 0.053125
9 0.40078125 0.3265625 0.04375 0.05
9 0.38828125 0.4015625 0.0453125 0.0453125
9 0.375 0.49453125 0.04375 0.04375
9 0.35 0.59140625 0.04375 0.046875
9 0.33359375 0.69765625 0.04375 0.05