5 0.31171875 0.25703125 0.05 0.05625
4 0.278125 0.33203125 0.0828125 0.09375
3 0.29375 0.46640625 0.046875 0.053125
3 0.3296875 0.29609375 0.040625 0.05625
3 0.3359375 0.3390625 0.040625 0.053125
3 0.31796875 0.3953125 0.046875 0.05625
0 0.22265625 0.52734375 0.075 0.071875
3 0.28125 0.53515625 0.0484375 0.05625
5 0.2046875 0.66875 0.065625 0.065625
3 0.26484375 0.59453125 0.05 0.05625
3 0.30859375 0.6125 0.05625 0.059375
2 0.27890625 0.6890625 0.078125 0.0765625
2 0.37734375 0.26484375 0.05625 0.071875
3 0.390625 0.43125 0.05 0.0625
8 0.39609375 0.58359375 0.075 0.0875
9 0.47890625 0.175 0.0421875 0.065625
8 0.46953125 0.21875 0.053125 0.084375
10 0.44375 0.3328125 0.0828125 0.1234375
11 0.43671875 0.4296875 0.0578125 0.075
6 0.47421875 0.48828125 0.075 0.09375
11 0.4984375 0.41640625 0.059375 0.084375
0 0.50078125 0.32265625 0.065625 0.103125
9 0.528125 0.2046875 0.04375 0.06875
9 0.534375 0.48359375 0.04375 0.071875
9 0.5390625 0.56640625 0.05625 0.0734375
9 0.52734375 0.69375 0.0609375 0.071875
9 0.5703125 0.24375 0.04375 0.071875
9 0.58828125 0.12265625 0.0421875 0.059375
9 0.58984375 0.1703125 0.04375 0.0625
6 0.6390625 0.1953125 0.059375 0.115625
7 0.6125 0.2546875 0.0875 0.1578125
1 0.5875 0.5203125 0.1109375 0.146875