7 0.66953125 0.27734375 0.0625 0.12734375
11 0.853125 0.37578125 0.06875 0.0703125
8 0.64453125 0.36015625 0.053125 0.0828125
10 0.47890625 0.2734375 0.05234375 0.115625
2 0.40078125 0.30703125 0.0453125 0.07578125
9 0.290625 0.3390625 0.04609375 0.0578125
3 0.2125 0.33203125 0.0328125 0.02421875
8 0.21328125 0.38359375 0.0734375 0.078125
5 0.11015625 0.45234375 0.071875 0.07578125
3 0.25859375 0.446875 0.04921875 0.06171875
9 0.41171875 0.36015625 0.046875 0.06015625
4 0.4609375 0.38203125 0.05390625 0.12265625
5 0.39296875 0.4734375 0.05859375 0.07578125
6 0.58203125 0.425 0.05703125 0.09375
1 0.725 0.4390625 0.09296875 0.13515625
0 0.5328125 0.509375 0.05625 0.09453125
2 0.3109375 0.55390625 0.06640625 0.08984375
6 0.496875 0.68359375 0.06953125 0.1015625
3 0.215625 0.68828125 0.07109375 0.0703125