3 0.73671875 0.2671875 0.04296875 0.0453125
11 0.43984375 0.6390625 0.05078125 0.0390625
11 0.121875 0.6203125 0.078125 0.03828125
8 0.71953125 0.515625 0.0578125 0.0484375
8 0.65 0.44609375 0.0515625 0.05703125
6 0.63125 0.36484375 0.05234375 0.0640625
6 0.61796875 0.6578125 0.05390625 0.040625
10 0.24765625 0.54765625 0.090625 0.06015625
7 0.5625 0.440625 0.05234375 0.0734375
9 0.4375 0.49375 0.040625 0.0421875
9 0.13984375 0.55234375 0.06015625 0.03828125
9 0.6328125 0.5828125 0.04140625 0.0375
9 0.725 0.5984375 0.05078125 0.03828125
9 0.803125 0.6015625 0.05859375 0.034375
9 0.559375 0.32890625 0.0375 0.0453125
9 0.49375 0.209375 0.03671875 0.04765625
4 0.67265625 0.19921875 0.065625 0.08984375
5 0.8296875 0.225 0.05703125 0.05703125
5 0.25 0.19375 0.05078125 0.05859375
0 0.42265625 0.18828125 0.04296875 0.07421875
0 0.4671875 0.35859375 0.04453125 0.0671875
2 0.3375 0.203125 0.046875 0.06484375
2 0.7359375 0.315625 0.059375 0.0609375
3 0.22265625 0.24609375 0.046875 0.0484375
3 0.33671875 0.2609375 0.04140625 0.04453125
3 0.3984375 0.26171875 0.03671875 0.04921875
3 0.48203125 0.2609375 0.0390625 0.0484375
3 0.659375 0.26484375 0.0421875 0.0453125
3 0.3015625 0.37578125 0.0421875 0.040625
9 0.371875 0.4328125 0.04140625 0.0421875
1 0.74140625 0.38046875 0.0765625 0.08359375
3 0.8125 0.4609375 0.04296875 0.0375