7 0.340625 0.4078125 0.1109375 0.053125
10 0.38984375 0.68203125 0.103125 0.06875
9 0.3625 0.6453125 0.025 0.03125
4 0.42109375 0.62109375 0.103125 0.06875
8 0.39375 0.55703125 0.0484375 0.04375
0 0.459375 0.55859375 0.08125 0.05
9 0.50234375 0.61484375 0.05625 0.04375
5 0.50078125 0.4765625 0.065625 0.05
2 0.52890625 0.40703125 0.075 0.053125
11 0.490625 0.35625 0.065625 0.0546875
9 0.41640625 0.259375 0.053125 0.046875
6 0.43359375 0.18203125 0.08125 0.0625
2 0.51796875 0.13125 0.071875 0.071875
1 0.55546875 0.31015625 0.115625 0.071875
3 0.6265625 0.20625 0.059375 0.0609375
8 0.6265625 0.5375 0.0828125 0.05625
9 0.559375 0.6875 0.059375 0.0546875
9 0.65625 0.7140625 0.059375 0.059375
0 0.74296875 0.3390625 0.090625 0.0703125