10 0.3671875 0.3015625 0.05546875 0.103125
9 0.42421875 0.29609375 0.034375 0.053125
4 0.40390625 0.340625 0.05234375 0.10546875
8 0.4875 0.33125 0.04375 0.06875
8 0.45234375 0.38515625 0.046875 0.08203125
7 0.65234375 0.2921875 0.06015625 0.1140625
9 0.77265625 0.39140625 0.05 0.053125
6 0.8359375 0.42109375 0.06640625 0.08125
11 0.6296875 0.4453125 0.0515625 0.059375
1 0.625 0.515625 0.0640625 0.1125
9 0.38515625 0.41640625 0.0421875 0.0546875
5 0.5109375 0.4375 0.04765625 0.06640625
2 0.56015625 0.47578125 0.0515625 0.07265625
3 0.70078125 0.6015625 0.05625 0.059375
9 0.296875 0.45703125 0.0515625 0.0578125
9 0.2328125 0.534375 0.059375 0.0546875