10 0.31875 0.7296875 0.0671875 0.0875
3 0.575 0.625 0.0375 0.05
6 0.84140625 0.59375 0.0578125 0.075
8 0.25625 0.6390625 0.0625 0.0625
10 0.33046875 0.6328125 0.075 0.090625
9 0.37265625 0.5671875 0.04375 0.046875
9 0.440625 0.54140625 0.04375 0.046875
3 0.584375 0.51953125 0.04375 0.05
11 0.6671875 0.43984375 0.053125 0.0578125
9 0.49296875 0.4734375 0.0421875 0.046875
3 0.26171875 0.52265625 0.05 0.046875
3 0.32890625 0.49453125 0.046875 0.04375
8 0.37421875 0.440625 0.0625 0.0625
9 0.2875 0.4546875 0.053125 0.0484375
7 0.0859375 0.46015625 0.115625 0.0875
2 0.2453125 0.39453125 0.075 0.0625
6 0.334375 0.37421875 0.06875 0.065625
5 0.43203125 0.34140625 0.059375 0.05625
3 0.5671875 0.39609375 0.046875 0.046875
0 0.6296875 0.29609375 0.0546875 0.0640625
0 0.73828125 0.28671875 0.059375 0.065625