5 0.2546875 0.70625 0.0484375 0.0546875
3 0.3234375 0.7078125 0.0375 0.046875
3 0.325 0.65546875 0.040625 0.05
2 0.24921875 0.66640625 0.05625 0.0625
3 0.31328125 0.62578125 0.040625 0.0484375
0 0.21484375 0.63203125 0.05625 0.075
3 0.29765625 0.58125 0.046875 0.0515625
9 0.21328125 0.58046875 0.046875 0.053125
3 0.3125 0.52421875 0.0453125 0.05
9 0.37265625 0.52578125 0.04375 0.05
1 0.18671875 0.553125 0.084375 0.1046875
4 0.1625 0.4921875 0.0890625 0.096875
3 0.278125 0.48515625 0.0484375 0.05
3 0.2484375 0.41171875 0.05625 0.05
2 0.3484375 0.42265625 0.0640625 0.06875
3 0.22421875 0.35234375 0.065625 0.046875
5 0.134375 0.3640625 0.0734375 0.065625
6 0.44921875 0.48984375 0.05 0.075
0 0.4609375 0.5921875 0.04375 0.0765625
9 0.546875 0.6234375 0.0359375 0.046875
10 0.621875 0.68046875 0.0515625 0.096875
9 0.69296875 0.70546875 0.0375 0.046875
11 0.76015625 0.7078125 0.046875 0.05625
9 0.628125 0.5828125 0.04375 0.05
7 0.5640625 0.54609375 0.05625 0.103125
11 0.8078125 0.5765625 0.059375 0.0625
9 0.7375 0.47109375 0.053125 0.053125
6 0.8359375 0.48984375 0.06875 0.075
9 0.7671875 0.4109375 0.05 0.0546875
8 0.6578125 0.425 0.065625 0.0671875
9 0.775 0.3578125 0.0578125 0.05625
8 0.56171875 0.4734375 0.0546875 0.0671875