0 0.965625 0.175 0.06875 0.0375
6 0.5625 0.34765625 0.0375 0.06875
9 0.5 0.375 0.034375 0.046875
7 0.36015625 0.3984375 0.0546875 0.096875
11 0.5796875 0.45078125 0.0421875 0.05625
8 0.36328125 0.51328125 0.04375 0.065625
9 0.26015625 0.56328125 0.046875 0.05
10 0.309375 0.58671875 0.071875 0.084375
4 0.4015625 0.56015625 0.0609375 0.0828125
0 0.4796875 0.5421875 0.04375 0.065625
9 0.5078125 0.596875 0.04375 0.046875
5 0.55703125 0.51484375 0.0453125 0.05625
2 0.625 0.4890625 0.05 0.0625
1 0.71015625 0.45078125 0.071875 0.0890625
3 0.7734375 0.44140625 0.046875 0.046875
9 0.57265625 0.659375 0.046875 0.0484375
9 0.70234375 0.703125 0.05625 0.05