5 0.25859375 0.4171875 0.084375 0.0890625
3 0.68125 0.38125 0.0375 0.0671875
0 0.38046875 0.5296875 0.075 0.121875
2 0.36015625 0.36015625 0.078125 0.090625
3 0.4203125 0.40859375 0.05625 0.0734375
8 0.27265625 0.4953125 0.0921875 0.10625
8 0.7078125 0.3046875 0.071875 0.0875
11 0.78828125 0.384375 0.075 0.0859375
9 0.70703125 0.4265625 0.05625 0.071875
9 0.571875 0.39765625 0.05625 0.0734375
10 0.5078125 0.29609375 0.0671875 0.146875
7 0.61171875 0.278125 0.071875 0.1578125
1 0.5015625 0.44609375 0.071875 0.16875
4 0.640625 0.41640625 0.06875 0.14375