2 0.15859375 0.009375 0.08125 0.01875
9 0.171875 0.03125 0.05625 0.02890625
6 0.3890625 0.23203125 0.05390625 0.10234375
2 0.4953125 0.25078125 0.05390625 0.08671875
11 0.59375 0.2421875 0.04921875 0.0796875
6 0.690625 0.25703125 0.06796875 0.10625
1 0.621875 0.27265625 0.084375 0.15625
0 0.39296875 0.29140625 0.0546875 0.1109375
9 0.40234375 0.36015625 0.053125 0.07578125
10 0.6390625 0.38046875 0.0953125 0.14375
4 0.7421875 0.32734375 0.10859375 0.14296875
9 0.51953125 0.428125 0.0578125 0.071875
9 0.27578125 0.3140625 0.05859375 0.06875
5 0.203125 0.36953125 0.0765625 0.09140625
7 0.27734375 0.390625 0.09921875 0.16015625
5 0.37421875 0.496875 0.071875 0.09140625
3 0.49921875 0.48984375 0.05859375 0.07421875
3 0.6546875 0.4875 0.06796875 0.071875
8 0.790625 0.47109375 0.0953125 0.10390625
11 0.515625 0.596875 0.0734375 0.09609375
8 0.2296875 0.59140625 0.0890625 0.109375