3 0.5984375 0.5796875 0.05 0.06171875
3 0.50234375 0.51640625 0.04453125 0.05703125
3 0.65 0.45078125 0.0390625 0.05234375
3 0.45078125 0.48984375 0.04140625 0.05546875
3 0.3828125 0.459375 0.04296875 0.05390625
3 0.26328125 0.40078125 0.04453125 0.05
3 0.2234375 0.378125 0.0421875 0.05234375
3 0.37421875 0.2875 0.0203125 0.0375
5 0.11484375 0.3671875 0.05078125 0.059375
5 0.5109375 0.6125 0.0609375 0.07734375
1 0.35234375 0.29765625 0.05078125 0.10703125
2 0.4375 0.5484375 0.04921875 0.08203125
2 0.28515625 0.3484375 0.0515625 0.06015625
9 0.3046875 0.48984375 0.0390625 0.0578125
0 0.346875 0.51484375 0.05625 0.08984375
9 0.4 0.39609375 0.0390625 0.05078125
9 0.62265625 0.3484375 0.03515625 0.05078125
9 0.5546875 0.28359375 0.03203125 0.04453125
6 0.39453125 0.33984375 0.0421875 0.0703125
6 0.6078125 0.253125 0.034375 0.0703125
11 0.70625 0.2921875 0.04140625 0.0578125
11 0.934375 0.359375 0.0484375 0.0625
9 0.8921875 0.3921875 0.05 0.05390625
10 0.8 0.33828125 0.06796875 0.10390625
9 0.48125 0.2546875 0.0234375 0.04296875
9 0.5171875 0.2640625 0.0265625 0.0359375
7 0.51015625 0.31015625 0.0421875 0.10625
8 0.4671875 0.28125 0.0328125 0.05546875
0 0.5015625 0.3859375 0.040625 0.08359375
4 0.18671875 0.39921875 0.0796875 0.10859375
8 0.453125 0.315625 0.04453125 0.0609375
9 0.6265625 0.39453125 0.03984375 0.0515625