6 0.52578125 0.296875 0.03046875 0.07109375
6 0.50390625 0.33828125 0.03515625 0.07265625
9 0.44375 0.36484375 0.0296875 0.04765625
2 0.20078125 0.4734375 0.0515625 0.0734375
2 0.35625 0.4296875 0.04453125 0.06015625
7 0.27109375 0.4265625 0.0625 0.11171875
11 0.53359375 0.41796875 0.04140625 0.06015625
11 0.653125 0.3734375 0.03828125 0.0578125
3 0.71640625 0.403125 0.03828125 0.0484375
0 0.84140625 0.459375 0.06171875 0.08203125
1 0.4640625 0.4078125 0.0453125 0.1125
0 0.44609375 0.49140625 0.04453125 0.08203125
5 0.39765625 0.4609375 0.04453125 0.06328125
8 0.33125 0.47734375 0.05390625 0.0734375
9 0.22265625 0.5265625 0.0515625 0.05859375
10 0.27734375 0.53359375 0.07265625 0.11015625
9 0.2140625 0.66015625 0.05859375 0.065625
4 0.36796875 0.50625 0.0609375 0.10390625
8 0.4078125 0.5703125 0.0578125 0.071875
9 0.48203125 0.53984375 0.0453125 0.05546875
9 0.55703125 0.5890625 0.0484375 0.0578125
3 0.37265625 0.66796875 0.05234375 0.0625
9 0.69921875 0.61953125 0.0515625 0.0625