9 0.53671875 0.1203125 0.03671875 0.053125
9 0.4125 0.10703125 0.0640625 0.034375
0 0.02109375 0.2 0.0421875 0.025
6 0.69375 0.36875 0.05859375 0.0796875
1 0.6046875 0.35234375 0.06796875 0.11171875
10 0.521875 0.34140625 0.05546875 0.07109375
2 0.428125 0.375 0.04921875 0.07421875
3 0.23515625 0.38671875 0.0546875 0.053125
9 0.30703125 0.390625 0.05 0.05234375
3 0.81328125 0.43671875 0.06015625 0.05390625
3 0.7078125 0.4328125 0.06015625 0.05625
6 0.61640625 0.4359375 0.059375 0.07890625
4 0.51171875 0.42265625 0.06484375 0.09609375
7 0.5140625 0.47890625 0.06796875 0.10703125
2 0.41875 0.44453125 0.05390625 0.06796875
3 0.32578125 0.43984375 0.05234375 0.05234375
8 0.20390625 0.43515625 0.0796875 0.071875
9 0.8328125 0.5 0.06328125 0.05546875
3 0.7421875 0.50078125 0.05859375 0.053125
11 0.6234375 0.5015625 0.06328125 0.0640625
3 0.7328125 0.55078125 0.06015625 0.0515625
5 0.41875 0.50078125 0.0546875 0.0640625
8 0.325 0.4984375 0.06796875 0.07109375
9 0.18828125 0.515625 0.06328125 0.05625