3 0.45625 0.20078125 0.03125 0.03515625
3 0.51796875 0.2578125 0.0265625 0.04140625
3 0.58515625 0.20390625 0.04921875 0.02265625
3 0.546875 0.20078125 0.0296875 0.03359375
9 0.55625 0.22890625 0.0515625 0.02890625
6 0.25703125 0.3359375 0.04140625 0.06328125
6 0.31953125 0.38046875 0.03671875 0.06328125
11 0.4578125 0.34453125 0.03203125 0.04921875
11 0.46328125 0.42734375 0.03046875 0.053125
3 0.52734375 0.34296875 0.02890625 0.0421875
9 0.3171875 0.4296875 0.03671875 0.04296875
9 0.2953125 0.4734375 0.03671875 0.04375
1 0.44453125 0.45078125 0.04609375 0.08984375
0 0.20234375 0.51953125 0.059375 0.0609375
3 0.29140625 0.52890625 0.03671875 0.040625
3 0.37890625 0.47265625 0.03515625 0.0421875
5 0.54609375 0.46484375 0.03828125 0.05078125
5 0.45078125 0.52265625 0.0421875 0.05
9 0.6125 0.478125 0.0359375 0.04375
9 0.6953125 0.52421875 0.04296875 0.04375
9 0.603125 0.5296875 0.03828125 0.0421875
0 0.5359375 0.5140625 0.04140625 0.05390625
2 0.38359375 0.51640625 0.04453125 0.0578125
2 0.35859375 0.6359375 0.05625 0.053125
9 0.29609375 0.5796875 0.04296875 0.04453125
7 0.3578125 0.56328125 0.06015625 0.08359375
8 0.44765625 0.5640625 0.04296875 0.0578125
4 0.53671875 0.559375 0.05078125 0.071875
8 0.61640625 0.5765625 0.0484375 0.059375
9 0.45390625 0.65078125 0.04140625 0.04609375
10 0.5296875 0.621875 0.0546875 0.07421875
3 0.2734375 0.63515625 0.04453125 0.04375