5 0.25703125 0.66875 0.05 0.0546875
3 0.30859375 0.64296875 0.040625 0.046875
4 0.37265625 0.6828125 0.05625 0.0921875
3 0.371875 0.62734375 0.0390625 0.046875
3 0.440625 0.63203125 0.0328125 0.046875
3 0.52109375 0.63671875 0.034375 0.046875
0 0.58203125 0.684375 0.034375 0.071875
3 0.59609375 0.63515625 0.034375 0.046875
3 0.65234375 0.634375 0.0359375 0.046875
5 0.71640625 0.66796875 0.040625 0.05625
2 0.2890625 0.603125 0.046875 0.065625
3 0.684375 0.59765625 0.040625 0.0515625
2 0.7671875 0.60625 0.053125 0.065625
3 0.51171875 0.559375 0.040625 0.053125
9 0.1734375 0.51953125 0.053125 0.053125
8 0.25234375 0.52109375 0.0578125 0.0671875
10 0.43046875 0.53046875 0.0625 0.1
11 0.52890625 0.5203125 0.0453125 0.059375
8 0.6984375 0.5296875 0.05625 0.0703125
0 0.42421875 0.47421875 0.053125 0.08125
11 0.53125 0.4640625 0.05 0.0640625
8 0.61796875 0.4796875 0.05 0.0796875
9 0.615625 0.41953125 0.046875 0.0546875
9 0.23671875 0.4625 0.05625 0.0546875
9 0.13203125 0.40625 0.065625 0.0578125
9 0.209375 0.4 0.0609375 0.059375
9 0.3125 0.41171875 0.0484375 0.0578125
9 0.70859375 0.41171875 0.04375 0.053125
9 0.83984375 0.4078125 0.059375 0.059375
1 0.7234375 0.3765625 0.078125 0.125
6 0.28515625 0.3484375 0.06875 0.0859375
7 0.39609375 0.37421875 0.0765625 0.121875