3 0.103125 0.69921875 0.05625 0.05
2 0.159375 0.59765625 0.0640625 0.053125
5 0.21953125 0.4921875 0.0625 0.046875
4 0.271875 0.39453125 0.0796875 0.0703125
0 0.28515625 0.58359375 0.0625 0.0515625
9 0.26875 0.29453125 0.05 0.0515625
2 0.27265625 0.19765625 0.0546875 0.078125
6 0.35625 0.4796875 0.0515625 0.046875
1 0.34375 0.2703125 0.06875 0.090625
10 0.3296875 0.175 0.065625 0.1
8 0.4265625 0.3671875 0.04375 0.065625
7 0.47734375 0.2421875 0.05 0.096875
6 0.490625 0.74296875 0.0375 0.0625
11 0.565625 0.446875 0.034375 0.0484375