1 0.50859375 0.40390625 0.0734375 0.1375
4 0.48671875 0.5921875 0.06875 0.128125
0 0.66796875 0.49765625 0.078125 0.1
2 0.7796875 0.590625 0.0828125 0.08125
2 0.3296875 0.6484375 0.06875 0.0875
3 0.4640625 0.709375 0.05 0.0640625
3 0.61171875 0.646875 0.05 0.0625
5 0.6234375 0.5796875 0.0609375 0.078125
5 0.66796875 0.7078125 0.05 0.075
9 0.42109375 0.68125 0.04375 0.0609375
9 0.4109375 0.61484375 0.0546875 0.065625
8 0.31640625 0.47890625 0.071875 0.0921875
6 0.49375 0.496875 0.0625 0.09375
8 0.5375 0.696875 0.05625 0.08125
10 0.24296875 0.63359375 0.0859375 0.121875