9 0.41640625 0.0234375 0.03515625 0.04375
3 0.81875 0.034375 0.03671875 0.0453125
3 0.4734375 0.25 0.03203125 0.0453125
2 0.20546875 0.346875 0.06484375 0.053125
6 0.13125 0.3765625 0.06484375 0.06328125
3 0.38046875 0.33125 0.03984375 0.04375
5 0.640625 0.31953125 0.04140625 0.0546875
7 0.5828125 0.3375 0.04453125 0.090625
0 0.51484375 0.37578125 0.040625 0.0640625
3 0.46015625 0.41015625 0.03984375 0.04296875
4 0.365625 0.4171875 0.06640625 0.078125
1 0.3015625 0.45234375 0.07421875 0.08359375
11 0.2546875 0.48828125 0.0578125 0.04921875
2 0.69375 0.36171875 0.04609375 0.0546875
10 0.628125 0.38203125 0.05 0.07890625
9 0.559375 0.42265625 0.034375 0.0421875
6 0.4953125 0.44375 0.0421875 0.05703125
9 0.42890625 0.4828125 0.040625 0.0390625
3 0.353125 0.52890625 0.0453125 0.03984375
5 0.91640625 0.4515625 0.0625 0.05234375
9 0.3796875 0.66484375 0.0484375 0.03828125