3 0.67578125 0.52421875 0.04375 0.0375
2 0.6484375 0.46171875 0.053125 0.04375
9 0.615625 0.3921875 0.04375 0.0375
10 0.58671875 0.346875 0.0734375 0.059375
8 0.50078125 0.33359375 0.05625 0.0453125
8 0.56953125 0.46875 0.0515625 0.04375
4 0.5390625 0.3984375 0.071875 0.0546875
7 0.6265625 0.52109375 0.0828125 0.05
9 0.63515625 0.56328125 0.04375 0.0375
9 0.5640625 0.6953125 0.040625 0.04375
3 0.6015625 0.63046875 0.0421875 0.0359375
2 0.565625 0.565625 0.05625 0.0375
5 0.53125 0.5140625 0.05 0.040625
0 0.4921875 0.45 0.053125 0.04375
9 0.45625 0.390625 0.040625 0.0375
9 0.4 0.31796875 0.040625 0.046875
9 0.3953125 0.4375 0.0375 0.040625
3 0.521875 0.63359375 0.040625 0.04375
1 0.4984375 0.58828125 0.0703125 0.0625
5 0.428125 0.50546875 0.04375 0.0453125
9 0.51328125 0.74921875 0.0390625 0.0515625
11 0.4375 0.63125 0.0453125 0.053125
6 0.47890625 0.8203125 0.05 0.065625
6 0.46953125 0.9546875 0.053125 0.0828125
11 0.3359375 0.7796875 0.04375 0.06875
3 0.27578125 0.71953125 0.034375 0.0515625
0 0.1765625 0.56953125 0.040625 0.0546875
3 0.12578125 0.9265625 0.0390625 0.071875
9 0.015625 0.96484375 0.03125 0.0703125