5 0.29296875 0.4140625 0.0609375 0.0734375
3 0.37890625 0.57734375 0.04375 0.053125
3 0.71484375 0.57265625 0.046875 0.05625
3 0.70234375 0.6984375 0.034375 0.05
3 0.39296875 0.76796875 0.0265625 0.04375
3 0.384375 0.740625 0.028125 0.0484375
7 0.45859375 0.50390625 0.0609375 0.11875
9 0.5703125 0.58828125 0.0375 0.05625
9 0.3625 0.6609375 0.0359375 0.0546875
9 0.33203125 0.7578125 0.03125 0.046875
9 0.4140625 0.7140625 0.0328125 0.05
6 0.5828125 0.78125 0.028125 0.071875
8 0.56953125 0.7296875 0.034375 0.059375
9 0.7234375 0.63125 0.046875 0.053125
0 0.70078125 0.51171875 0.059375 0.090625