11 0.978125 0.24140625 0.0359375 0.04453125
5 0.971875 0.1984375 0.04921875 0.01953125
6 0.4828125 0.33125 0.0296875 0.06640625
6 0.4625 0.3703125 0.03359375 0.06953125
9 0.403125 0.3984375 0.0328125 0.04453125
7 0.26796875 0.4171875 0.06484375 0.10390625
9 0.1796875 0.56484375 0.05546875 0.05625
8 0.2796875 0.51171875 0.04921875 0.07109375
10 0.22734375 0.56953125 0.08203125 0.1078125
4 0.32109375 0.53984375 0.07265625 0.10390625
0 0.4015625 0.52109375 0.0453125 0.08125
11 0.4890625 0.44609375 0.040625 0.05859375
2 0.56640625 0.3796875 0.03125 0.0578125
2 0.53515625 0.47109375 0.0421875 0.06484375
3 0.66796875 0.425 0.03671875 0.0484375
1 0.60625 0.42578125 0.0484375 0.103125
5 0.47734375 0.49765625 0.04296875 0.06015625
8 0.64453125 0.5421875 0.05390625 0.0703125
0 0.78671875 0.47421875 0.04921875 0.08046875
9 0.64765625 0.63828125 0.046875 0.06171875
9 0.509375 0.6140625 0.04765625 0.05859375
9 0.4359375 0.56875 0.04375 0.05546875
3 0.32265625 0.6984375 0.0546875 0.06484375
9 0.165625 0.696875 0.065625 0.0640625