3 0.565625 0.3390625 0.0390625 0.053125
3 0.675 0.4125 0.040625 0.053125
9 0.64453125 0.35 0.040625 0.053125
3 0.62109375 0.3921875 0.040625 0.053125
3 0.52734375 0.3875 0.04375 0.053125
6 0.45078125 0.36484375 0.046875 0.0765625
6 0.50546875 0.428125 0.04375 0.0765625
1 0.4015625 0.3984375 0.0671875 0.1078125
10 0.36484375 0.4515625 0.0796875 0.096875
2 0.3328125 0.52421875 0.071875 0.065625
4 0.459375 0.4796875 0.06875 0.1015625
2 0.43203125 0.55 0.065625 0.065625
11 0.5890625 0.4515625 0.0484375 0.065625
7 0.540625 0.48984375 0.0640625 0.1109375
5 0.515625 0.5734375 0.05625 0.0625
8 0.4796875 0.6265625 0.0578125 0.071875
9 0.28984375 0.6140625 0.0609375 0.053125
3 0.375 0.61953125 0.059375 0.053125
3 0.24140625 0.6671875 0.0640625 0.0484375
9 0.43359375 0.7453125 0.0640625 0.05625
8 0.31015625 0.6984375 0.09375 0.071875