8 0.559375 0.78984375 0.090625 0.1203125
2 0.8484375 0.67421875 0.1015625 0.075
6 0.83828125 0.321875 0.125 0.0765625
0 0.89375 0.484375 0.125 0.0609375
4 0.8140625 0.5578125 0.15625 0.0859375
5 0.71328125 0.25703125 0.096875 0.0828125
1 0.71796875 0.42890625 0.159375 0.0859375
11 0.74296875 0.72421875 0.0921875 0.0875
9 0.7234375 0.59453125 0.08125 0.0640625
3 0.6625 0.671875 0.0734375 0.06875
3 0.64140625 0.5359375 0.0734375 0.0609375
6 0.56640625 0.2296875 0.1015625 0.10625
7 0.565625 0.4078125 0.1390625 0.09375
10 0.5453125 0.58203125 0.125 0.1
9 0.58984375 0.67265625 0.071875 0.0734375