3 0.37109375 0.37734375 0.0453125 0.03125
9 0.403125 0.5203125 0.046875 0.0375
0 0.3921875 0.6671875 0.071875 0.046875
3 0.42890625 0.5984375 0.046875 0.0375
8 0.42265625 0.290625 0.065625 0.0421875
3 0.4640625 0.36640625 0.05 0.0375
9 0.47109375 0.51796875 0.0484375 0.040625
0 0.45859375 0.69296875 0.078125 0.05
9 0.46171875 0.20546875 0.0515625 0.0390625
3 0.5203125 0.78359375 0.05 0.05
7 0.54453125 0.64140625 0.1125 0.071875
3 0.55859375 0.44140625 0.0546875 0.04375
9 0.51953125 0.27578125 0.05625 0.046875
2 0.56015625 0.1515625 0.0734375 0.0546875
11 0.61796875 0.1296875 0.071875 0.065625
6 0.684375 0.1921875 0.0890625 0.071875
5 0.678125 0.67265625 0.075 0.065625
4 0.66953125 0.88671875 0.1125 0.1078125