6 0.6828125 0.3 0.053125 0.084375
9 0.60546875 0.3203125 0.03828125 0.05546875
6 0.6265625 0.35078125 0.05390625 0.08828125
11 0.64375 0.40390625 0.05703125 0.06953125
3 0.70625 0.34921875 0.046875 0.0578125
9 0.51796875 0.3171875 0.0390625 0.05546875
3 0.8 0.34921875 0.0515625 0.05546875
9 0.83125 0.39375 0.0578125 0.05859375
3 0.42578125 0.32734375 0.034375 0.053125
3 0.26640625 0.33671875 0.0453125 0.05703125
2 0.2578125 0.375 0.0578125 0.078125
9 0.22265625 0.43671875 0.01796875 0.059375
10 0.26015625 0.46015625 0.0828125 0.115625
7 0.34375 0.34375 0.053125 0.1265625
8 0.3703125 0.390625 0.053125 0.03359375
2 0.44609375 0.36875 0.046875 0.06875
4 0.37265625 0.45703125 0.07265625 0.109375
5 0.4515625 0.4140625 0.0421875 0.06875
0 0.47109375 0.46171875 0.053125 0.0859375
11 0.25546875 0.5453125 0.071875 0.075
8 0.3671875 0.53828125 0.0703125 0.078125
9 0.47265625 0.52890625 0.0484375 0.0609375
3 0.5296875 0.3640625 0.0296875 0.0578125
1 0.55625 0.37421875 0.065625 0.125
5 0.5890625 0.4734375 0.0578125 0.0703125
3 0.66015625 0.46484375 0.0515625 0.0578125
9 0.58828125 0.53515625 0.05390625 0.05859375
0 0.68046875 0.5109375 0.06796875 0.0890625
3 0.75078125 0.3984375 0.05234375 0.05546875
3 0.75234375 0.4375 0.05546875 0.05546875
9 0.78984375 0.51640625 0.06484375 0.0609375