5 0.35703125 0.14453125 0.0390625 0.05
2 0.4 0.16015625 0.053125 0.053125
0 0.44140625 0.17265625 0.0625 0.059375
1 0.49765625 0.175 0.084375 0.08125
4 0.55546875 0.2265625 0.0734375 0.078125
0 0.61484375 0.2328125 0.05625 0.059375
2 0.69765625 0.25390625 0.05 0.075
5 0.75390625 0.29609375 0.0515625 0.0625
3 0.71640625 0.39140625 0.04375 0.0453125
3 0.66796875 0.3484375 0.04375 0.046875
3 0.5921875 0.33984375 0.04375 0.0421875
3 0.54375 0.30703125 0.040625 0.04375
3 0.4875 0.29140625 0.04375 0.040625
3 0.44609375 0.2515625 0.040625 0.046875
3 0.3875 0.23984375 0.04375 0.040625
3 0.353125 0.2390625 0.04375 0.0375
11 0.26953125 0.62890625 0.053125 0.040625
8 0.30703125 0.66953125 0.053125 0.0484375
6 0.33984375 0.69453125 0.065625 0.05
7 0.3609375 0.73125 0.09375 0.0671875
10 0.41640625 0.775 0.078125 0.0765625
6 0.4671875 0.80703125 0.0625 0.065625
8 0.525 0.859375 0.053125 0.071875
11 0.5859375 0.89609375 0.05 0.06875
9 0.60625 0.80859375 0.04375 0.0546875
9 0.559375 0.77578125 0.040625 0.053125
9 0.50078125 0.73515625 0.04375 0.0453125
9 0.45 0.68828125 0.04375 0.0421875
9 0.4 0.65703125 0.04375 0.040625
9 0.365625 0.628125 0.0421875 0.0375
9 0.325 0.59609375 0.04375 0.034375
9 0.2875 0.5734375 0.04375 0.034375