6 0.5140625 0.2796875 0.0484375 0.09140625
3 0.64140625 0.2890625 0.04140625 0.05859375
9 0.71484375 0.3125 0.04609375 0.06015625
3 0.71484375 0.36484375 0.053125 0.05859375
3 0.6671875 0.3390625 0.04765625 0.06015625
3 0.58046875 0.31484375 0.0390625 0.0609375
11 0.6046875 0.3734375 0.053125 0.0765625
1 0.4484375 0.28359375 0.05234375 0.13046875
4 0.46171875 0.353125 0.0578125 0.1265625
10 0.38984375 0.31796875 0.05546875 0.1265625
2 0.32421875 0.3734375 0.05625 0.0859375
2 0.403125 0.41484375 0.059375 0.08046875
8 0.4 0.48203125 0.059375 0.0953125
3 0.31328125 0.45859375 0.05859375 0.06796875
9 0.23359375 0.434375 0.0609375 0.06484375
3 0.153125 0.465625 0.05546875 0.0703125
8 0.20234375 0.50078125 0.0921875 0.09375
9 0.29375 0.56875 0.06875 0.07734375
6 0.540625 0.30625 0.03984375 0.04296875
7 0.53203125 0.3796875 0.07109375 0.14140625
5 0.4703125 0.45078125 0.0578125 0.08046875