3 0.9390625 0.94140625 0.01875 0.0421875
3 0.9296875 0.9015625 0.021875 0.05
3 0.9296875 0.9796875 0.021875 0.040625
3 0.946875 0.90625 0.0109375 0.021875
5 0.7515625 0.41953125 0.05625 0.0375
5 0.6796875 0.49453125 0.05625 0.040625
2 0.6328125 0.1734375 0.0625 0.0578125
8 0.63046875 0.36953125 0.065625 0.084375
6 0.58359375 0.32890625 0.0734375 0.0484375
0 0.59609375 0.56875 0.071875 0.04375
4 0.478125 0.51015625 0.0875 0.05625
9 0.49609375 0.29921875 0.05 0.05
3 0.42265625 0.296875 0.05 0.0484375
3 0.31640625 0.46875 0.0484375 0.046875
2 0.39765625 0.60625 0.065625 0.053125