11 0.5125 0.415625 0.028125 0.0375
2 0.471875 0.4296875 0.028125 0.0390625
6 0.41875 0.43203125 0.028125 0.05
6 0.56875 0.41640625 0.021875 0.046875
1 0.5484375 0.43203125 0.0375 0.0671875
0 0.44765625 0.46015625 0.028125 0.05
9 0.396875 0.48125 0.0265625 0.0328125
4 0.61640625 0.446875 0.0359375 0.0625
9 0.47421875 0.48984375 0.025 0.034375
5 0.3953125 0.51328125 0.03125 0.04375
10 0.5921875 0.478125 0.04375 0.0640625
9 0.54765625 0.50859375 0.028125 0.034375
7 0.4515625 0.515625 0.0375 0.071875
8 0.67109375 0.50234375 0.040625 0.046875
3 0.62109375 0.5203125 0.0296875 0.034375
3 0.5609375 0.53515625 0.0296875 0.034375
5 0.5140625 0.54921875 0.0328125 0.0421875
11 0.60390625 0.571875 0.0375 0.04375
8 0.4984375 0.596875 0.034375 0.05