4 0.35703125 0.2265625 0.090625 0.05625
9 0.59921875 0.37734375 0.071875 0.05
9 0.5234375 0.24296875 0.0625 0.0484375
9 0.53203125 0.3890625 0.0625 0.04375
9 0.57421875 0.453125 0.06875 0.05
9 0.53515625 0.52109375 0.0625 0.04375
9 0.4484375 0.715625 0.05625 0.0359375
9 0.43046875 0.7765625 0.0546875 0.0375
9 0.403125 0.8328125 0.05 0.0234375
8 0.49140625 0.32890625 0.078125 0.05625
8 0.37578125 0.646875 0.065625 0.034375
6 0.41015625 0.665625 0.08125 0.04375
6 0.56171875 0.60078125 0.103125 0.059375
11 0.44296875 0.61640625 0.0640625 0.0453125
11 0.41796875 0.55546875 0.059375 0.0328125
7 0.5015625 0.66640625 0.140625 0.065625
10 0.42421875 0.4921875 0.109375 0.046875
1 0.42109375 0.8484375 0.128125 0.06875
0 0.459375 0.53984375 0.0875 0.046875
0 0.31875 0.4 0.065625 0.0296875
2 0.33125 0.60859375 0.05625 0.028125
5 0.40625 0.1 0.0609375 0.05
5 0.31171875 0.5078125 0.04375 0.025
3 0.353125 0.5609375 0.04375 0.028125
3 0.34140625 0.49609375 0.0421875 0.0265625
3 0.3515625 0.45546875 0.04375 0.0265625
3 0.36484375 0.39765625 0.046875 0.034375
3 0.3859375 0.334375 0.046875 0.0359375
3 0.403125 0.275 0.046875 0.0375
3 0.41171875 0.18515625 0.05 0.0375
2 0.4359375 0.23515625 0.071875 0.05625