2 0.1015625 0.0796875 0.0953125 0.0359375
9 0.16796875 0.0828125 0.071875 0.040625
8 0.30390625 0.0453125 0.040625 0.059375
11 0.56015625 0.33359375 0.053125 0.0890625
9 0.4296875 0.35625 0.053125 0.0734375
4 0.5078125 0.36328125 0.065625 0.15
9 0.57890625 0.39921875 0.0578125 0.075
9 0.66953125 0.38671875 0.05 0.0484375
3 0.69296875 0.4515625 0.05625 0.075
3 0.59375 0.44375 0.046875 0.071875
10 0.63203125 0.471875 0.103125 0.1421875
1 0.45703125 0.43828125 0.0828125 0.1625
0 0.37734375 0.390625 0.071875 0.115625
8 0.340625 0.45859375 0.084375 0.103125
7 0.53515625 0.50078125 0.0875 0.159375
6 0.5734375 0.58984375 0.078125 0.1078125
6 0.2515625 0.5140625 0.096875 0.1140625
2 0.4078125 0.553125 0.06875 0.1078125
5 0.45078125 0.615625 0.078125 0.0953125