6 0.82109375 0.19453125 0.06171875 0.06171875
0 0.65234375 0.1859375 0.0515625 0.06484375
6 0.40546875 0.17421875 0.04609375 0.0671875
4 0.29140625 0.25703125 0.06953125 0.075
11 0.4921875 0.25546875 0.04375 0.05390625
1 0.7375 0.3109375 0.07890625 0.07109375
5 0.478125 0.39765625 0.04375 0.04453125
9 0.30234375 0.390625 0.0484375 0.0375
3 0.2421875 0.43984375 0.05078125 0.03359375
9 0.48671875 0.49921875 0.0390625 0.0296875
3 0.66484375 0.5015625 0.046875 0.03046875
10 0.84921875 0.51171875 0.090625 0.04453125
2 0.375 0.60859375 0.06015625 0.034375
9 0.55625 0.646875 0.0421875 0.03203125
8 0.71796875 0.640625 0.0671875 0.0359375
3 0.84140625 0.6390625 0.05546875 0.03125