8 0.534375 0.71953125 0.05 0.078125
1 0.3609375 0.73046875 0.0734375 0.1359375
10 0.7515625 0.7 0.078125 0.128125
5 0.59609375 0.40078125 0.0703125 0.09375
2 0.321875 0.49375 0.078125 0.09375
3 0.55234375 0.490625 0.0609375 0.06875
5 0.44609375 0.55859375 0.059375 0.08125
0 0.321875 0.6234375 0.065625 0.0984375
4 0.5390625 0.64296875 0.05625 0.13125
2 0.7640625 0.6265625 0.078125 0.08125
8 0.6984375 0.49765625 0.0796875 0.1
9 0.77421875 0.5453125 0.0625 0.0734375
9 0.6578125 0.60703125 0.053125 0.06875
6 0.44375 0.67421875 0.053125 0.1
3 0.8 0.49921875 0.065625 0.071875