6 0.79140625 0.325 0.04609375 0.071875
6 0.71171875 0.36171875 0.0421875 0.07109375
9 0.63671875 0.36875 0.0359375 0.04609375
7 0.48359375 0.34453125 0.04375 0.10078125
2 0.80390625 0.41171875 0.04609375 0.0640625
11 0.63671875 0.45 0.04453125 0.05625
8 0.40234375 0.4375 0.046875 0.06328125
10 0.29453125 0.4671875 0.06953125 0.0921875
4 0.38125 0.47421875 0.06484375 0.09140625
0 0.465625 0.4859375 0.0453125 0.07421875
5 0.5578125 0.49375 0.04609375 0.0609375
2 0.63671875 0.49375 0.04296875 0.06796875
1 0.74296875 0.484375 0.0703125 0.09921875
3 0.84140625 0.5078125 0.053125 0.05078125
9 0.16953125 0.5421875 0.05390625 0.0515625
9 0.4484375 0.540625 0.040625 0.0515625
9 0.446875 0.61015625 0.04609375 0.053125
9 0.51640625 0.6953125 0.0484375 0.0546875
3 0.24765625 0.60078125 0.05390625 0.05234375
8 0.6328125 0.60859375 0.05859375 0.0703125
0 0.86015625 0.6234375 0.07265625 0.078125