7 0.7734375 0.67265625 0.078125 0.10625
7 0.50703125 0.68984375 0.034375 0.05
0 0.325 0.25703125 0.071875 0.071875
3 0.53203125 0.3484375 0.05 0.0515625
3 0.45625 0.64296875 0.034375 0.05
3 0.51484375 0.653125 0.034375 0.05
3 0.6015625 0.64609375 0.0421875 0.0515625
3 0.58515625 0.6921875 0.034375 0.05
6 0.3203125 0.48671875 0.05625 0.078125
6 0.68046875 0.6578125 0.0453125 0.075
10 0.71796875 0.5734375 0.071875 0.1
7 0.7328125 0.4109375 0.059375 0.053125
7 0.62890625 0.47890625 0.0453125 0.0515625
2 0.33828125 0.64140625 0.05 0.06875
2 0.72734375 0.49609375 0.071875 0.0609375
8 0.31015625 0.4 0.0546875 0.075
5 0.43203125 0.41015625 0.059375 0.0625
11 0.51484375 0.6015625 0.046875 0.0625
8 0.66328125 0.34921875 0.0734375 0.075
4 0.51640625 0.50625 0.059375 0.1
1 0.4265625 0.565625 0.0625 0.109375
3 0.7546875 0.3546875 0.059375 0.05625