6 0.3921875 0.1484375 0.040625 0.071875
2 0.459375 0.171875 0.040625 0.0640625
3 0.54453125 0.25546875 0.03125 0.046875
4 0.38828125 0.27890625 0.0625 0.090625
1 0.31640625 0.2578125 0.06875 0.0984375
11 0.284375 0.25859375 0.046875 0.05625
3 0.71484375 0.2703125 0.040625 0.046875
3 0.2625 0.325 0.0484375 0.046875
9 0.33984375 0.3484375 0.04375 0.046875
3 0.45078125 0.33671875 0.0359375 0.046875
0 0.5078125 0.34765625 0.0421875 0.06875
7 0.57578125 0.36875 0.05 0.0953125
6 0.40234375 0.3640625 0.05 0.065625
9 0.10859375 0.38828125 0.05625 0.04375
9 0.46796875 0.40234375 0.0375 0.04375
5 0.65625 0.41015625 0.046875 0.0578125
10 0.52421875 0.41953125 0.0546875 0.078125
2 0.603125 0.46328125 0.046875 0.053125
5 0.53671875 0.6609375 0.046875 0.0515625