5 0.72109375 0.540625 0.0515625 0.034375
2 0.69375 0.58125 0.0515625 0.0375
0 0.67265625 0.6203125 0.0640625 0.0375
1 0.646875 0.6921875 0.090625 0.05625
4 0.59765625 0.72890625 0.08125 0.065625
0 0.5671875 0.7796875 0.0609375 0.053125
2 0.51796875 0.8515625 0.059375 0.059375
5 0.4734375 0.89921875 0.053125 0.0625
3 0.68984375 0.48046875 0.040625 0.028125
3 0.67109375 0.5171875 0.0421875 0.03125
3 0.634375 0.58203125 0.04375 0.0375
3 0.59609375 0.6125 0.0421875 0.034375
3 0.56171875 0.66953125 0.0421875 0.0375
3 0.5234375 0.70859375 0.0421875 0.040625
3 0.48515625 0.78984375 0.04375 0.046875
3 0.44140625 0.82578125 0.04375 0.05
11 0.5453125 0.11015625 0.0515625 0.059375
8 0.50078125 0.1390625 0.053125 0.065625
6 0.46953125 0.1703125 0.040625 0.040625
7 0.43125 0.20859375 0.08125 0.084375
10 0.3703125 0.25546875 0.071875 0.075
6 0.31328125 0.30546875 0.0546875 0.059375
8 0.24765625 0.35546875 0.053125 0.0671875
11 0.18359375 0.425 0.046875 0.0546875
9 0.2390625 0.50234375 0.04375 0.05
9 0.28515625 0.45390625 0.040625 0.04375
9 0.34375 0.39375 0.04375 0.040625
9 0.40234375 0.34765625 0.040625 0.0421875
9 0.4484375 0.296875 0.04375 0.0453125
9 0.4859375 0.26171875 0.040625 0.046875
9 0.52890625 0.2203125 0.04375 0.0421875
9 0.56484375 0.17890625 0.04375 0.0453125