5 0.76484375 0.7265625 0.0578125 0.065625
0 0.6046875 0.75078125 0.04375 0.0796875
4 0.36015625 0.7484375 0.065625 0.103125
5 0.225 0.7359375 0.059375 0.0640625
3 0.28671875 0.69921875 0.046875 0.053125
3 0.36328125 0.67421875 0.0453125 0.05
3 0.44375 0.6796875 0.0390625 0.053125
3 0.5359375 0.6859375 0.04375 0.0515625
3 0.62265625 0.68203125 0.0421875 0.053125
3 0.6875 0.68125 0.04375 0.053125
3 0.72421875 0.625 0.0484375 0.053125
3 0.53203125 0.57421875 0.0453125 0.053125
2 0.271875 0.63828125 0.0546875 0.071875
2 0.81953125 0.634375 0.06875 0.0671875
9 0.15390625 0.52109375 0.0640625 0.053125
8 0.24453125 0.5203125 0.065625 0.065625
10 0.446875 0.52109375 0.0640625 0.0890625
11 0.55234375 0.515625 0.0515625 0.05625
8 0.74296875 0.5265625 0.075 0.06875
9 0.23515625 0.44453125 0.0625 0.053125
0 0.44375 0.4515625 0.0578125 0.065625
11 0.55859375 0.4421875 0.05625 0.05625
6 0.6546875 0.4546875 0.0640625 0.06875
9 0.13125 0.3703125 0.06875 0.0515625
9 0.21640625 0.36328125 0.065625 0.0515625
9 0.32734375 0.37734375 0.053125 0.053125
9 0.6515625 0.38515625 0.0546875 0.0484375
9 0.75625 0.3734375 0.0625 0.05
9 0.88984375 0.3703125 0.071875 0.0515625
6 0.309375 0.28671875 0.071875 0.0609375
7 0.4265625 0.30859375 0.0734375 0.084375
1 0.77421875 0.3109375 0.103125 0.090625