6 0.15390625 0.5625 0.06875 0.040625
9 0.4625 0.4828125 0.03125 0.0375
9 0.359375 0.66015625 0.0390625 0.04375
10 0.46953125 0.12734375 0.05 0.0890625
8 0.5984375 0.253125 0.0328125 0.06875
2 0.56796875 0.58671875 0.03125 0.053125
2 0.53671875 0.7296875 0.0375 0.0515625
5 0.36484375 0.4921875 0.0453125 0.040625
4 0.23203125 0.66953125 0.0765625 0.0625
1 0.278125 0.240625 0.075 0.078125
11 0.2296875 0.48125 0.053125 0.040625
3 0.4640625 0.3078125 0.0328125 0.046875
3 0.59609375 0.1328125 0.028125 0.053125
3 0.40703125 0.7171875 0.034375 0.04375
6 0.1703125 0.16484375 0.0625 0.0625