5 0.765625 0.52578125 0.05625 0.0359375
4 0.753125 0.43046875 0.1 0.04375
3 0.7296875 0.5078125 0.05 0.0328125
3 0.69765625 0.475 0.05 0.034375
3 0.68359375 0.4125 0.0515625 0.034375
3 0.66328125 0.33359375 0.053125 0.040625
0 0.69453125 0.225 0.08125 0.05
5 0.63203125 0.0890625 0.065625 0.059375
3 0.63828125 0.2609375 0.053125 0.04375
3 0.61875 0.2015625 0.0546875 0.0453125
2 0.54609375 0.125 0.06875 0.075
3 0.56875 0.2203125 0.05625 0.05
3 0.59140625 0.4359375 0.05625 0.040625
2 0.69921875 0.57578125 0.06875 0.04375
9 0.6546875 0.73359375 0.0515625 0.0453125
8 0.634375 0.6875 0.06875 0.0609375
10 0.5921875 0.5609375 0.103125 0.06875
11 0.54765625 0.47109375 0.065625 0.05
8 0.4953125 0.30546875 0.071875 0.065625
9 0.58984375 0.74375 0.0546875 0.053125
0 0.54453125 0.6125 0.0828125 0.05625
11 0.496875 0.53046875 0.065625 0.053125
6 0.47734375 0.45 0.084375 0.053125
9 0.42421875 0.50625 0.05625 0.05
9 0.37734375 0.43359375 0.059375 0.053125
9 0.3171875 0.31875 0.0625 0.05625
9 0.5734375 0.8625 0.0546875 0.05
9 0.546875 0.81796875 0.05625 0.05625
9 0.525 0.74140625 0.05625 0.053125
6 0.48515625 0.83203125 0.0828125 0.0796875
7 0.47109375 0.7546875 0.11875 0.09375
1 0.34453125 0.503125 0.1203125 0.075