5 0.27734375 0.309375 0.04296875 0.05546875
2 0.35546875 0.31484375 0.040625 0.0640625
0 0.428125 0.30390625 0.0375 0.0734375
9 0.4921875 0.32109375 0.0359375 0.05
1 0.56171875 0.296875 0.04609375 0.1046875
4 0.6390625 0.3046875 0.05078125 0.09609375
5 0.76171875 0.3265625 0.046875 0.0578125
3 0.77109375 0.36015625 0.04140625 0.053125
3 0.70625 0.35625 0.0375 0.04296875
2 0.7078125 0.38671875 0.05078125 0.06953125
3 0.61640625 0.3578125 0.034375 0.04921875
3 0.56171875 0.36640625 0.03828125 0.0484375
3 0.4796875 0.3515625 0.03671875 0.05
3 0.40390625 0.35078125 0.03828125 0.04765625
3 0.3484375 0.3515625 0.0359375 0.0484375
3 0.25 0.33984375 0.04140625 0.04765625
0 0.46015625 0.40546875 0.0421875 0.08125
7 0.5484375 0.44296875 0.05078125 0.11796875
8 0.70859375 0.51796875 0.05390625 0.075
9 0.51015625 0.5234375 0.046875 0.05859375
8 0.2546875 0.4453125 0.05625 0.071875
6 0.31640625 0.4984375 0.0609375 0.08359375
11 0.41875 0.5140625 0.0453125 0.0578125
10 0.40859375 0.54765625 0.071875 0.10859375
9 0.62421875 0.5796875 0.04609375 0.0609375
9 0.72734375 0.59609375 0.053125 0.06328125
9 0.8125 0.59609375 0.0625 0.06328125
6 0.61484375 0.6546875 0.059375 0.0921875
9 0.31875 0.55625 0.0515625 0.05703125
9 0.221875 0.559375 0.05703125 0.05859375
9 0.1015625 0.55546875 0.06171875 0.05859375
11 0.07109375 0.60078125 0.0828125 0.071875