8 0.26953125 0.22265625 0.096875 0.071875
11 0.2640625 0.46640625 0.0859375 0.0578125
9 0.328125 0.27890625 0.06875 0.0625
3 0.31328125 0.37109375 0.065625 0.053125
2 0.2625 0.62890625 0.090625 0.071875
4 0.33515625 0.55625 0.128125 0.075
0 0.3703125 0.73125 0.096875 0.0828125
9 0.34765625 0.46796875 0.0671875 0.053125
10 0.371875 0.18046875 0.115625 0.125
7 0.46875 0.21640625 0.1203125 0.13125
3 0.39921875 0.35625 0.06875 0.0515625
1 0.43203125 0.42109375 0.121875 0.09375
6 0.50078125 0.67265625 0.08125 0.0828125
5 0.56640625 0.49609375 0.06875 0.0671875
6 0.603125 0.2671875 0.06875 0.09375