6 0.52578125 0.296875 0.03125 0.071875
6 0.50390625 0.33828125 0.034375 0.071875
9 0.44375 0.36484375 0.0296875 0.046875
2 0.20078125 0.4734375 0.0515625 0.0734375
2 0.35625 0.4296875 0.04375 0.059375
7 0.27109375 0.4265625 0.0625 0.1125
11 0.53359375 0.41796875 0.040625 0.059375
11 0.653125 0.3734375 0.0375 0.0578125
3 0.71640625 0.403125 0.0375 0.0484375
0 0.84140625 0.459375 0.0625 0.08125
1 0.4640625 0.4078125 0.0453125 0.1125
0 0.44609375 0.49140625 0.04375 0.08125
5 0.39765625 0.4609375 0.04375 0.0625
8 0.33125 0.47734375 0.053125 0.0734375
9 0.22265625 0.5265625 0.0515625 0.059375
10 0.27734375 0.53359375 0.071875 0.109375
9 0.2140625 0.66015625 0.059375 0.065625
4 0.36796875 0.50625 0.0609375 0.103125
8 0.4078125 0.5703125 0.0578125 0.071875
9 0.48203125 0.53984375 0.0453125 0.05625
9 0.55703125 0.5890625 0.0484375 0.0578125
3 0.37265625 0.66796875 0.053125 0.0625
9 0.69921875 0.61953125 0.0515625 0.0625