3 0.18828125 0.36796875 0.0625 0.0453125
3 0.81875 0.59765625 0.05625 0.05
0 0.459375 0.50234375 0.059375 0.0625
0 0.65078125 0.54765625 0.053125 0.06875
5 0.66171875 0.65 0.065625 0.0625
5 0.3875 0.60234375 0.059375 0.059375
2 0.52890625 0.63125 0.046875 0.0703125
2 0.434375 0.70625 0.059375 0.065625
9 0.83515625 0.71015625 0.05625 0.05625
9 0.496875 0.74375 0.04375 0.05625
9 0.54140625 0.296875 0.05625 0.04375
9 0.225 0.6046875 0.0640625 0.053125
6 0.5984375 0.73125 0.05 0.08125
6 0.57421875 0.44921875 0.053125 0.0640625
8 0.2953125 0.45859375 0.08125 0.0625
11 0.353125 0.659375 0.0578125 0.0625
10 0.31171875 0.5328125 0.090625 0.084375
7 0.35390625 0.39921875 0.0984375 0.071875