6 0.55703125 0.21953125 0.03984375 0.075
6 0.5296875 0.28984375 0.040625 0.07109375
9 0.46171875 0.3234375 0.0375 0.0484375
11 0.69609375 0.34609375 0.05 0.059375
11 0.55625 0.4140625 0.0453125 0.05703125
1 0.48046875 0.41875 0.05 0.0921875
2 0.3671875 0.4328125 0.05625 0.05390625
5 0.40859375 0.47578125 0.05078125 0.053125
3 0.7609375 0.39375 0.05078125 0.04765625
0 0.8796875 0.49296875 0.07890625 0.0609375
7 0.2734375 0.44140625 0.07578125 0.0875
2 0.20546875 0.48984375 0.06015625 0.0640625
9 0.23046875 0.559375 0.05078125 0.0453125
10 0.2859375 0.58828125 0.07890625 0.07109375
8 0.33671875 0.4984375 0.0546875 0.06171875
4 0.38046875 0.5546875 0.06640625 0.07109375
0 0.459375 0.528125 0.04609375 0.05703125
9 0.49375 0.584375 0.0453125 0.04140625
8 0.41875 0.62734375 0.0609375 0.046875
9 0.565625 0.64921875 0.0484375 0.040625
9 0.7 0.68828125 0.0578125 0.0421875
9 0.23828125 0.7234375 0.0609375 0.040625
3 0.38671875 0.7359375 0.0484375 0.0390625