11 0.9484375 0.93671875 0.028125 0.071875
11 0.6015625 0.3703125 0.0640625 0.05625
9 0.5609375 0.8671875 0.053125 0.065625
9 0.203125 0.4421875 0.05625 0.065625
9 0.4828125 0.25546875 0.059375 0.05625
9 0.67421875 0.40703125 0.05625 0.040625
6 0.42265625 0.334375 0.084375 0.059375
6 0.528125 0.734375 0.0796875 0.071875
3 0.70859375 0.67265625 0.05625 0.046875
3 0.290625 0.64140625 0.053125 0.0625
5 0.4 0.496875 0.065625 0.053125
5 0.59140625 0.4671875 0.0625 0.0609375
0 0.453125 0.64921875 0.08125 0.06875
0 0.57890625 0.628125 0.0796875 0.0609375
2 0.50546875 0.48125 0.071875 0.06875
2 0.54453125 0.3140625 0.06875 0.05625
10 0.65703125 0.55703125 0.1078125 0.075
7 0.6578125 0.72109375 0.115625 0.09375
8 0.6625 0.62109375 0.071875 0.06875