7 0.83984375 0.05390625 0.06171875 0.09921875
8 0.49453125 0.24375 0.0375 0.06796875
9 0.365625 0.2984375 0.040625 0.0546875
1 0.95 0.3828125 0.1 0.1125
6 0.840625 0.48359375 0.07890625 0.0796875
0 0.496875 0.44375 0.05 0.0765625
4 0.28203125 0.378125 0.07578125 0.1046875
5 0.16953125 0.3328125 0.0609375 0.0640625
8 0.071875 0.46328125 0.08203125 0.07578125
0 0.17421875 0.53671875 0.08046875 0.08125
5 0.2953125 0.58984375 0.065625 0.06640625
3 0.36484375 0.51796875 0.04609375 0.05390625
6 0.5515625 0.5859375 0.0546875 0.07734375
8 0.7328125 0.5796875 0.0796875 0.07578125
3 0.43125 0.69140625 0.05390625 0.05703125
2 0.60703125 0.69140625 0.07578125 0.07421875