1 0.59609375 0.50859375 0.1375 0.0734375
4 0.4078125 0.48671875 0.128125 0.06875
0 0.50234375 0.66796875 0.1 0.078125
2 0.409375 0.7796875 0.08125 0.0828125
2 0.3515625 0.3296875 0.0875 0.06875
3 0.290625 0.4640625 0.0640625 0.05
3 0.353125 0.61171875 0.0625 0.05
5 0.4203125 0.6234375 0.078125 0.0609375
5 0.2921875 0.66796875 0.075 0.05
9 0.31875 0.42109375 0.0609375 0.04375
9 0.38515625 0.4109375 0.065625 0.0546875
8 0.52109375 0.31640625 0.0921875 0.071875
6 0.503125 0.49375 0.09375 0.0625
8 0.303125 0.5375 0.08125 0.05625
10 0.36640625 0.24296875 0.121875 0.084375