10 0.50859375 0.30703125 0.03828125 0.08828125
8 0.6 0.35625 0.034375 0.06015625
6 0.06171875 0.4625 0.06171875 0.09140625
3 0.321875 0.4109375 0.0359375 0.053125
4 0.5421875 0.359375 0.04375 0.0953125
7 0.83671875 0.4203125 0.07421875 0.1171875
11 0.3078125 0.54609375 0.05390625 0.07578125
3 0.35703125 0.478125 0.04296875 0.05703125
9 0.534375 0.41484375 0.034375 0.05078125
9 0.4859375 0.440625 0.03828125 0.0515625
3 0.65078125 0.425 0.0390625 0.05390625
3 0.6109375 0.4515625 0.0328125 0.05078125
9 0.46796875 0.49296875 0.0421875 0.05546875
9 0.6640625 0.47265625 0.040625 0.05703125
8 0.59765625 0.49140625 0.05234375 0.07578125
2 0.740625 0.5015625 0.06484375 0.0734375
5 0.59375 0.57109375 0.05078125 0.07578125
3 0.4296875 0.5609375 0.046875 0.06171875
0 0.4171875 0.6390625 0.0609375 0.109375
0 0.30078125 0.66953125 0.0671875 0.11328125
6 0.66640625 0.52265625 0.05703125 0.09453125
9 0.9828125 0.3046875 0.034375 0.02734375