5 0.7296875 0.22890625 0.05546875 0.05078125
3 0.6578125 0.23125 0.04375 0.0453125
2 0.74375 0.28984375 0.06328125 0.0546875
3 0.66953125 0.3078125 0.04296875 0.040625
0 0.784375 0.3375 0.0640625 0.053125
3 0.68828125 0.34765625 0.04609375 0.03984375
3 0.7125 0.403125 0.046875 0.0375
9 0.7890625 0.39453125 0.05 0.0390625
3 0.7109375 0.47265625 0.04765625 0.0328125
1 0.8265625 0.44453125 0.0953125 0.0546875
3 0.746875 0.5109375 0.0484375 0.03046875
4 0.8484375 0.50703125 0.09453125 0.0515625
3 0.78125 0.58046875 0.053125 0.028125
2 0.70390625 0.58984375 0.06796875 0.0328125
5 0.87734375 0.615625 0.0703125 0.03359375
3 0.7984375 0.6296875 0.06015625 0.02890625
0 0.56328125 0.42109375 0.0484375 0.04921875
8 0.446875 0.30703125 0.0453125 0.05234375
6 0.37265625 0.37421875 0.04453125 0.05234375
11 0.384375 0.43984375 0.04296875 0.04296875
9 0.40390625 0.50078125 0.040625 0.03359375
7 0.49765625 0.4984375 0.0515625 0.053125
9 0.265625 0.28125 0.0421875 0.04375
11 0.2015625 0.28984375 0.05390625 0.0515625
9 0.2875 0.34765625 0.04140625 0.04140625
9 0.31328125 0.4 0.03828125 0.0390625