9 0.21171875 0.1515625 0.05 0.03046875
3 0.32734375 0.36953125 0.03671875 0.040625
2 0.39921875 0.4109375 0.04140625 0.05
9 0.55390625 0.45390625 0.03515625 0.03125
5 0.47578125 0.45625 0.0390625 0.04921875
4 0.546875 0.49453125 0.05 0.06875
2 0.46640625 0.50078125 0.040625 0.05234375
0 0.39296875 0.4984375 0.04296875 0.05625
1 0.64609375 0.55234375 0.0640625 0.06875
6 0.47421875 0.55625 0.04140625 0.05078125
10 0.309375 0.546875 0.06171875 0.065625
8 0.56640625 0.62109375 0.0515625 0.0453125
7 0.6734375 0.66796875 0.07265625 0.06484375
6 0.21875 0.66171875 0.05859375 0.04765625
11 0.484375 0.75234375 0.0484375 0.04375