5 0.703125 0.53828125 0.06875 0.0609375
3 0.60234375 0.5078125 0.05 0.053125
2 0.59921875 0.29921875 0.06875 0.0734375
5 0.528125 0.41171875 0.065625 0.0578125
3 0.596875 0.72734375 0.05625 0.059375
0 0.46015625 0.30078125 0.078125 0.065625
4 0.4484375 0.5046875 0.1 0.059375
2 0.45703125 0.71171875 0.0671875 0.0703125
1 0.3390625 0.33828125 0.1140625 0.075
8 0.60078125 0.63671875 0.075 0.0625
9 0.54296875 0.7125 0.05625 0.05625
9 0.47421875 0.6125 0.059375 0.0515625
6 0.4015625 0.41796875 0.08125 0.053125
8 0.34453125 0.50625 0.06875 0.05
10 0.38046875 0.70859375 0.103125 0.075