2 0.40078125 0.17265625 0.075 0.0734375
8 0.66015625 0.40546875 0.0765625 0.0640625
6 0.56953125 0.32734375 0.08125 0.065625
6 0.2625 0.50703125 0.0859375 0.046875
9 0.45 0.61640625 0.05625 0.05
9 0.47421875 0.7609375 0.053125 0.0625
9 0.28671875 0.3 0.059375 0.0484375
3 0.29921875 0.43671875 0.0625 0.0375
3 0.25859375 0.375 0.053125 0.0390625
3 0.32421875 0.34375 0.05625 0.0453125
3 0.61171875 0.6515625 0.05625 0.05625
3 0.51484375 0.82734375 0.05625 0.0640625
5 0.596875 0.50859375 0.0671875 0.059375
4 0.4671875 0.51171875 0.10625 0.059375
11 0.37578125 0.40234375 0.071875 0.05
10 0.33046875 0.625 0.1125 0.065625
8 0.5578125 0.775 0.075 0.0875
2 0.39765625 0.68203125 0.075 0.0640625
1 0.44375 0.36875 0.1171875 0.078125
3 0.3546875 0.29296875 0.059375 0.05
7 0.21796875 0.58671875 0.121875 0.059375