6 0.7703125 0.25 0.053125 0.0765625
8 0.7015625 0.2875 0.0515625 0.065625
9 0.5453125 0.31484375 0.040625 0.0546875
11 0.4515625 0.29296875 0.04375 0.059375
3 0.36875 0.3234375 0.0421875 0.053125
3 0.30234375 0.325 0.04375 0.053125
5 0.6296875 0.3296875 0.05 0.0640625
9 0.69609375 0.38203125 0.05 0.0546875
3 0.53828125 0.36953125 0.04375 0.053125
9 0.36953125 0.37421875 0.04375 0.053125
3 0.80390625 0.38515625 0.05 0.053125
9 0.59765625 0.41484375 0.0453125 0.0515625
0 0.43359375 0.41015625 0.05 0.08125
3 0.36953125 0.4234375 0.0421875 0.053125
7 0.25390625 0.45625 0.0859375 0.1125
4 0.52265625 0.4625 0.0625 0.103125
9 0.8 0.428125 0.05 0.05625
10 0.303125 0.57578125 0.084375 0.103125
6 0.4234375 0.56796875 0.05625 0.08125
1 0.64296875 0.52109375 0.0765625 0.1125
9 0.73984375 0.53046875 0.059375 0.05625
8 0.85234375 0.47890625 0.08125 0.0734375
3 0.08828125 0.59453125 0.0671875 0.059375