6 0.35859375 0.146875 0.05 0.12890625
0 0.52421875 0.125 0.04921875 0.12734375
4 0.57109375 0.16640625 0.07890625 0.17265625
2 0.6953125 0.16953125 0.06640625 0.1015625
11 0.72265625 0.240625 0.08203125 0.1015625
9 0.59375 0.2453125 0.06171875 0.0890625
1 0.42109375 0.2125 0.08671875 0.2
5 0.27109375 0.22890625 0.07109375 0.10234375
3 0.65859375 0.275 0.06328125 0.05234375
6 0.1875 0.31015625 0.10390625 0.14609375
7 0.35 0.30546875 0.1078125 0.21484375
10 0.52265625 0.34140625 0.08671875 0.19765625
9 0.6421875 0.34609375 0.06953125 0.09296875
8 0.7546875 0.3734375 0.1171875 0.1234375