11 0.7765625 0.48125 0.053125 0.03125
10 0.74375 0.47109375 0.096875 0.0375
9 0.75390625 0.52890625 0.046875 0.03125
3 0.65390625 0.63046875 0.05 0.0375
3 0.63125 0.8390625 0.05 0.046875
5 0.60234375 0.90625 0.0609375 0.059375
2 0.57578125 0.84609375 0.05 0.071875
3 0.590625 0.76640625 0.0515625 0.046875
0 0.52734375 0.8203125 0.0765625 0.06875
3 0.5625 0.73125 0.0515625 0.0453125
3 0.52265625 0.684375 0.053125 0.046875
9 0.4859375 0.75703125 0.053125 0.053125
4 0.403125 0.6359375 0.096875 0.071875
9 0.64921875 0.5375 0.05 0.034375
0 0.59765625 0.55390625 0.0765625 0.046875
9 0.64765625 0.4375 0.05 0.040625
7 0.6109375 0.40234375 0.1078125 0.053125
11 0.6984375 0.3140625 0.059375 0.0453125
6 0.65625 0.1984375 0.075 0.053125
9 0.6109375 0.24921875 0.05 0.04375
9 0.52265625 0.546875 0.05 0.040625
3 0.42734375 0.565625 0.053125 0.04375
6 0.5234375 0.44765625 0.075 0.04375
2 0.4390625 0.43671875 0.071875 0.046875
3 0.38359375 0.50625 0.0515625 0.046875
5 0.28359375 0.49609375 0.06875 0.059375
8 0.56328125 0.35 0.05625 0.05
1 0.503125 0.34921875 0.1078125 0.0640625
9 0.584375 0.17734375 0.05 0.046875
9 0.55703125 0.12421875 0.053125 0.053125
8 0.56015625 0.24375 0.0703125 0.059375
3 0.48125 0.2296875 0.05625 0.046875