9 0.040625 0.49765625 0.040625 0.03125
3 0.05703125 0.09296875 0.04375 0.0375
5 0.23515625 0.37734375 0.053125 0.034375
2 0.31640625 0.5453125 0.0546875 0.028125
5 0.3359375 0.62578125 0.05 0.028125
10 0.34921875 0.5234375 0.0765625 0.05
7 0.3609375 0.59296875 0.0828125 0.0578125
3 0.4203125 0.8 0.040625 0.046875
9 0.40703125 0.5046875 0.040625 0.034375
0 0.41875 0.571875 0.059375 0.04375
6 0.446875 0.48359375 0.0546875 0.040625
3 0.46640625 0.55078125 0.0375 0.0375
3 0.50234375 0.70625 0.0375 0.0453125
9 0.50234375 0.4578125 0.040625 0.0359375
4 0.51796875 0.55078125 0.065625 0.0609375
3 0.5609375 0.41171875 0.0390625 0.040625
1 0.56875 0.51171875 0.065625 0.0578125
2 0.6296875 0.7515625 0.0515625 0.0625
11 0.6203125 0.49140625 0.046875 0.04375
9 0.565625 0.2234375 0.040625 0.046875
6 0.70234375 0.7265625 0.0453125 0.065625