11 0.19453125 0.5125 0.053125 0.0375
9 0.225 0.459375 0.0453125 0.0359375
10 0.25234375 0.5203125 0.084375 0.0421875
11 0.3046875 0.678125 0.053125 0.046875
9 0.36640625 0.45625 0.04375 0.034375
3 0.36015625 0.36484375 0.04375 0.0375
9 0.36796875 0.553125 0.04375 0.0375
3 0.38984375 0.15703125 0.04375 0.0484375
5 0.428125 0.10078125 0.046875 0.0625
3 0.43984375 0.23984375 0.040625 0.046875
2 0.4703125 0.165625 0.0453125 0.06875
3 0.4734375 0.2765625 0.0390625 0.04375
0 0.52265625 0.19765625 0.05 0.065625
3 0.51875 0.325 0.040625 0.0453125
9 0.56015625 0.26015625 0.0375 0.05
0 0.43828125 0.44296875 0.0546875 0.0453125
7 0.43046875 0.5875 0.075 0.0546875
9 0.4140625 0.73515625 0.040625 0.04375
6 0.36484375 0.78984375 0.059375 0.059375
8 0.4828125 0.634375 0.0546875 0.05
9 0.51796875 0.45234375 0.0375 0.0375
6 0.52421875 0.54375 0.0484375 0.040625
8 0.478125 0.73515625 0.053125 0.05625
9 0.4453125 0.8 0.040625 0.046875
9 0.478125 0.846875 0.040625 0.053125
3 0.56328125 0.740625 0.040625 0.040625
1 0.55625 0.63515625 0.0625 0.0609375
2 0.6109375 0.553125 0.05 0.04375
3 0.6203125 0.43828125 0.034375 0.0390625
3 0.6640625 0.4921875 0.034375 0.0421875
4 0.6578125 0.38046875 0.053125 0.0625
5 0.76328125 0.503125 0.0375 0.05