2 0.1015625 0.0796875 0.0953125 0.0359375
9 0.16796875 0.0828125 0.07265625 0.03984375
8 0.30390625 0.0453125 0.040625 0.059375
11 0.56015625 0.33359375 0.053125 0.0890625
9 0.4296875 0.35625 0.053125 0.0734375
4 0.5078125 0.36328125 0.06640625 0.14921875
9 0.57890625 0.39921875 0.0578125 0.07578125
9 0.66953125 0.38671875 0.05078125 0.0484375
3 0.69296875 0.4515625 0.05703125 0.07578125
3 0.59375 0.44375 0.04609375 0.07109375
10 0.63203125 0.471875 0.10234375 0.1421875
1 0.45703125 0.43828125 0.0828125 0.16171875
0 0.37734375 0.390625 0.07109375 0.11640625
8 0.340625 0.45859375 0.08515625 0.10234375
7 0.53515625 0.50078125 0.0875 0.16015625
6 0.5734375 0.58984375 0.078125 0.1078125
6 0.2515625 0.5140625 0.09609375 0.1140625
2 0.4078125 0.553125 0.06875 0.1078125
5 0.45078125 0.615625 0.07734375 0.0953125