9 0.40703125 0.2984375 0.06640625 0.03828125
3 0.34140625 0.38125 0.04765625 0.05546875
3 0.3875 0.40703125 0.04765625 0.05859375
9 0.50546875 0.4203125 0.04375 0.06171875
3 0.66484375 0.4546875 0.05 0.0609375
9 0.51328125 0.48359375 0.05 0.05625
5 0.53125 0.546875 0.05859375 0.0796875
7 0.3625 0.4984375 0.0796875 0.1359375
0 0.4359375 0.57265625 0.0609375 0.09921875
8 0.70078125 0.56015625 0.06953125 0.08125
6 0.86796875 0.57265625 0.0796875 0.1
9 0.56640625 0.703125 0.06328125 0.075
9 0.37109375 0.68046875 0.065625 0.07265625