0 0.54140625 0.190625 0.0421875 0.0796875
3 0.4046875 0.2578125 0.0453125 0.0515625
11 0.334375 0.290625 0.0609375 0.05859375
6 0.234375 0.3828125 0.07421875 0.0671875
9 0.2703125 0.43828125 0.06015625 0.05
11 0.40390625 0.34453125 0.01796875 0.02421875
1 0.44453125 0.38515625 0.08125 0.1078125
9 0.77265625 0.271875 0.04296875 0.05625
9 0.740625 0.33984375 0.04375 0.05703125
9 0.665625 0.3859375 0.0375 0.053125
0 0.59296875 0.40234375 0.04609375 0.078125
4 0.64296875 0.440625 0.0578125 0.09765625
8 0.725 0.41796875 0.05234375 0.07734375
10 0.69765625 0.4953125 0.0609375 0.09453125
5 0.5078125 0.45078125 0.040625 0.06484375
8 0.5515625 0.49296875 0.06640625 0.065625
2 0.44453125 0.46796875 0.053125 0.04921875
7 0.47265625 0.52734375 0.0875 0.09765625
6 0.12265625 0.37421875 0.084375 0.0703125
2 0.53984375 0.59609375 0.0734375 0.06171875
9 0.64609375 0.56484375 0.05078125 0.0546875
3 0.8734375 0.434375 0.05234375 0.0578125
9 0.8828125 0.5328125 0.05078125 0.0546875