3 0.596875 0.21171875 0.046875 0.053125
3 0.9609375 0.03046875 0.025 0.05625
2 0.57890625 0.3234375 0.059375 0.0578125
5 0.55546875 0.44296875 0.059375 0.046875
9 0.5765625 0.52265625 0.05 0.0359375
4 0.54375 0.5484375 0.090625 0.05625
2 0.50625 0.46328125 0.059375 0.053125
0 0.4890625 0.3828125 0.0703125 0.0546875
1 0.51875 0.69296875 0.096875 0.075
6 0.45546875 0.5125 0.065625 0.0484375
10 0.41015625 0.32421875 0.084375 0.075
8 0.42109375 0.65625 0.0640625 0.0640625
7 0.41171875 0.80703125 0.09375 0.096875
6 0.2421875 0.2953125 0.059375 0.06875
11 0.24921875 0.66328125 0.05625 0.0609375