9 0.209375 0.0125 0.0375 0.025
9 0.253125 0.02734375 0.040625 0.040625
9 0.2171875 0.06953125 0.040625 0.0375
3 0.215625 0.14140625 0.0390625 0.0375
9 0.17734375 0.165625 0.0375 0.034375
9 0.17890625 0.25546875 0.04375 0.0375
11 0.2390625 0.18984375 0.040625 0.04375
3 0.278125 0.22109375 0.04375 0.0375
3 0.3125 0.1953125 0.04375 0.040625
3 0.33515625 0.08046875 0.04375 0.046875
9 0.20859375 0.31875 0.040625 0.0328125
9 0.2703125 0.340625 0.04375 0.034375
6 0.3109375 0.39453125 0.06875 0.040625
1 0.24453125 0.48046875 0.09375 0.0421875
8 0.371875 0.2984375 0.0609375 0.0546875
2 0.434375 0.1890625 0.0625 0.059375
3 0.509375 0.19375 0.046875 0.053125
6 0.48984375 0.31015625 0.071875 0.05625
5 0.56015625 0.3 0.0625 0.059375
3 0.521875 0.4 0.0484375 0.04375
0 0.61796875 0.36484375 0.071875 0.0578125
5 0.35703125 0.509375 0.05625 0.0375
0 0.4359375 0.471875 0.071875 0.04375
2 0.35859375 0.81953125 0.0609375 0.046875
9 0.48984375 0.7609375 0.0515625 0.05
4 0.53515625 0.5890625 0.09375 0.0546875
8 0.68984375 0.49765625 0.071875 0.053125