11 0.615625 0.71015625 0.09375 0.075
5 0.49609375 0.14609375 0.0921875 0.103125
8 0.4 0.20078125 0.10625 0.1125
8 0.70546875 0.59921875 0.096875 0.065625
9 0.57265625 0.490625 0.075 0.05625
9 0.55390625 0.64921875 0.08125 0.0578125
10 0.684375 0.39296875 0.15 0.090625
7 0.71796875 0.503125 0.171875 0.0640625
2 0.58984375 0.24375 0.0890625 0.1046875
3 0.5375 0.33046875 0.071875 0.06875
3 0.61875 0.59765625 0.04375 0.05625
4 0.5421875 0.58671875 0.1453125 0.084375
1 0.4875 0.446875 0.1484375 0.0875
0 0.36796875 0.3390625 0.10625 0.0890625