4 0.50546875 0.25 0.04453125 0.07734375
5 0.23203125 0.29375 0.04296875 0.05078125
3 0.5 0.71796875 0.0390625 0.0359375
3 0.69296875 0.703125 0.0546875 0.03984375
11 0.634375 0.84765625 0.05625 0.03984375
3 0.303125 0.22734375 0.0265625 0.040625
2 0.30859375 0.259375 0.03359375 0.05390625
5 0.22421875 0.39296875 0.04453125 0.04921875
1 0.44453125 0.378125 0.040625 0.07734375
10 0.65 0.3328125 0.0609375 0.0734375
0 0.6515625 0.38828125 0.0484375 0.05546875
6 0.34296875 0.47734375 0.0421875 0.05546875
3 0.2140625 0.4828125 0.0390625 0.03671875
2 0.28515625 0.53984375 0.0421875 0.05078125
6 0.58671875 0.53515625 0.04765625 0.05078125
8 0.43671875 0.53515625 0.0375 0.05234375
7 0.678125 0.47109375 0.065625 0.07421875