5 0.74140625 0.5828125 0.084375 0.0890625
3 0.31875 0.61875 0.0375 0.0671875
0 0.61953125 0.4703125 0.075 0.121875
2 0.63984375 0.63984375 0.078125 0.090625
3 0.5796875 0.59140625 0.05625 0.0734375
8 0.72734375 0.5046875 0.0921875 0.10625
8 0.2921875 0.6953125 0.071875 0.0875
11 0.21171875 0.615625 0.075 0.0859375
9 0.29296875 0.5734375 0.05625 0.071875
9 0.428125 0.60234375 0.05625 0.0734375
10 0.4921875 0.70390625 0.0671875 0.146875
7 0.38828125 0.721875 0.071875 0.1578125
1 0.4984375 0.55390625 0.071875 0.16875
4 0.359375 0.58359375 0.06875 0.14375