2 0.53125 0.49375 0.0625 0.075
9 0.40625 0.271875 0.03046875 0.02890625
8 0.60234375 0.284375 0.05625 0.06953125
7 0.65234375 0.303125 0.075 0.11796875
10 0.728125 0.35078125 0.09140625 0.10703125
9 0.7671875 0.41875 0.05859375 0.05625
6 0.83203125 0.45703125 0.08359375 0.08359375
11 0.9046875 0.52734375 0.084375 0.06875
3 0.66953125 0.64453125 0.065625 0.06171875
1 0.5828125 0.53984375 0.08359375 0.1203125
9 0.34921875 0.4140625 0.0453125 0.059375
5 0.48046875 0.44765625 0.05 0.06953125
0 0.42421875 0.38515625 0.04921875 0.0875
4 0.38359375 0.33125 0.053125 0.11328125
9 0.24765625 0.45 0.053125 0.0625
9 0.165625 0.53203125 0.0625 0.05859375