8 0.71796875 0.80625 0.0671875 0.125
3 0.9265625 0.94453125 0.0734375 0.08125
3 0.40625 0.58671875 0.078125 0.096875
2 0.4328125 0.796875 0.0671875 0.121875
0 0.7796875 0.765625 0.1015625 0.146875
5 0.5609375 0.8234375 0.0734375 0.109375
9 0.4609375 0.6609375 0.075 0.0984375
11 0.3859375 0.50625 0.1 0.1234375
10 0.29453125 0.759375 0.1140625 0.196875
7 0.2171875 0.7015625 0.140625 0.221875
8 0.17421875 0.58671875 0.134375 0.1359375
9 0.50859375 0.56015625 0.0859375 0.10625
3 0.515625 0.75 0.0671875 0.0953125
1 0.678125 0.7453125 0.103125 0.221875
4 0.5953125 0.65546875 0.1078125 0.20625