9 0.1203125 0.46328125 0.053125 0.0375
9 0.10703125 0.5875 0.034375 0.0640625
0 0.2 0.97890625 0.025 0.0421875
6 0.36875 0.30625 0.0796875 0.059375
1 0.35234375 0.3953125 0.1125 0.06875
10 0.34140625 0.478125 0.071875 0.05625
2 0.375 0.571875 0.075 0.05
3 0.38671875 0.76484375 0.053125 0.0546875
9 0.390625 0.69296875 0.053125 0.05
3 0.43671875 0.18671875 0.053125 0.059375
3 0.4328125 0.2921875 0.05625 0.059375
6 0.4359375 0.38359375 0.078125 0.059375
4 0.42265625 0.48828125 0.096875 0.065625
7 0.47890625 0.4859375 0.10625 0.06875
2 0.44453125 0.58125 0.06875 0.053125
3 0.43984375 0.67421875 0.053125 0.053125
8 0.43515625 0.79609375 0.071875 0.0796875
9 0.5 0.1671875 0.05625 0.0625
3 0.50078125 0.2578125 0.053125 0.059375
11 0.5015625 0.3765625 0.0640625 0.0625
3 0.55078125 0.2671875 0.0515625 0.059375
5 0.50078125 0.58125 0.0640625 0.0546875
8 0.4984375 0.675 0.071875 0.06875
9 0.515625 0.81171875 0.05625 0.0625