5 0.7453125 0.29375 0.04765625 0.0546875
3 0.6765625 0.2921875 0.03671875 0.04765625
3 0.675 0.34453125 0.040625 0.05
2 0.75078125 0.33359375 0.05546875 0.06171875
3 0.68671875 0.37421875 0.04140625 0.0484375
0 0.78515625 0.36796875 0.05625 0.075
3 0.70234375 0.41875 0.04609375 0.0515625
9 0.78671875 0.41953125 0.04765625 0.05234375
3 0.6875 0.47578125 0.0453125 0.04921875
9 0.62734375 0.47421875 0.04375 0.05078125
1 0.81328125 0.446875 0.08515625 0.1046875
4 0.8375 0.5078125 0.0890625 0.09609375
3 0.721875 0.51484375 0.0484375 0.05
3 0.7515625 0.58828125 0.05703125 0.04921875
2 0.6515625 0.57734375 0.0640625 0.06796875
3 0.77578125 0.64765625 0.065625 0.04765625
5 0.865625 0.6359375 0.0734375 0.065625
6 0.55078125 0.51015625 0.04921875 0.075
0 0.5390625 0.4078125 0.04453125 0.0765625
9 0.453125 0.3765625 0.0359375 0.04765625
10 0.378125 0.31953125 0.0515625 0.096875
9 0.30703125 0.29453125 0.03828125 0.04765625
11 0.23984375 0.2921875 0.04765625 0.05703125
9 0.371875 0.4171875 0.04375 0.05078125
7 0.4359375 0.45390625 0.05703125 0.10234375
11 0.1921875 0.4234375 0.06015625 0.06171875
9 0.2625 0.52890625 0.053125 0.05234375
6 0.1640625 0.51015625 0.06953125 0.075
9 0.2328125 0.5890625 0.05078125 0.0546875
8 0.3421875 0.575 0.06484375 0.0671875
9 0.225 0.6421875 0.0578125 0.05625
8 0.43828125 0.5265625 0.0546875 0.0671875