10 0.246875 0.20234375 0.09375 0.0625
6 0.3421875 0.76796875 0.065625 0.059375
3 0.33671875 0.51328125 0.046875 0.0375
4 0.35625 0.278125 0.0890625 0.0625
9 0.41875 0.34609375 0.046875 0.0375
9 0.4375 0.4296875 0.0453125 0.0359375
8 0.4296875 0.521875 0.0625 0.0484375
3 0.4390625 0.5765625 0.0453125 0.040625
11 0.50078125 0.68984375 0.053125 0.0625
0 0.4921875 0.60234375 0.0609375 0.05625
9 0.49609375 0.5140625 0.04375 0.04375
3 0.48125 0.25234375 0.04375 0.04375
3 0.50078125 0.34140625 0.04375 0.0375
7 0.58125 0.1125 0.0796875 0.090625
9 0.5484375 0.3234375 0.0453125 0.0421875
3 0.5546875 0.515625 0.040625 0.04375
2 0.6140625 0.325 0.05625 0.0484375
6 0.61875 0.428125 0.05625 0.0484375
5 0.628125 0.52890625 0.05 0.059375
0 0.63203125 0.72421875 0.05625 0.0703125