9 0.65390625 0.32109375 0.0375 0.0453125
9 0.01953125 0.5703125 0.0375 0.028125
3 0.03046875 0.1625 0.0453125 0.0359375
5 0.275 0.18984375 0.05625 0.05
2 0.3 0.41484375 0.0578125 0.03125
5 0.29375 0.496875 0.053125 0.040625
3 0.315625 0.71328125 0.04375 0.040625
7 0.32421875 0.50390625 0.09375 0.046875
10 0.3375 0.43203125 0.0828125 0.04375
0 0.3859375 0.525 0.0640625 0.04375
9 0.4 0.45390625 0.0421875 0.0375
3 0.41796875 0.696875 0.040625 0.04375
3 0.43828125 0.53828125 0.0421875 0.0390625
6 0.44296875 0.4703125 0.05625 0.0421875
4 0.48359375 0.5875 0.071875 0.065625
9 0.5046875 0.48515625 0.0390625 0.0390625
2 0.51484375 0.83203125 0.05625 0.075
1 0.54296875 0.59375 0.071875 0.0671875
3 0.575 0.48828125 0.040625 0.046875
11 0.59765625 0.60625 0.046875 0.053125
6 0.58359375 0.86015625 0.053125 0.078125