6 0.53984375 0.32578125 0.05546875 0.1125
8 0.60390625 0.38203125 0.06484375 0.09765625
2 0.46953125 0.3859375 0.0296875 0.08359375
5 0.37890625 0.39609375 0.06640625 0.08828125
1 0.55546875 0.403125 0.078125 0.1640625
7 0.43984375 0.38828125 0.06953125 0.09453125
6 0.35078125 0.440625 0.07265625 0.115625
10 0.45078125 0.4875 0.08125 0.14765625
0 0.6953125 0.3765625 0.05234375 0.05546875
4 0.68125 0.46953125 0.10390625 0.1453125
9 0.76328125 0.471875 0.07265625 0.07890625
3 0.5515625 0.5328125 0.0625 0.0765625
3 0.50625 0.58671875 0.0703125 0.07734375
9 0.63671875 0.54296875 0.0703125 0.07734375
9 0.60625 0.603125 0.06953125 0.0765625
11 0.7734375 0.55859375 0.0953125 0.08984375