9 0.48125 0.73203125 0.028125 0.0375
9 0.4765625 0.5890625 0.03125 0.040625
4 0.57421875 0.65625 0.034375 0.075
0 0.621875 0.62265625 0.03125 0.059375
10 0.38828125 0.6578125 0.0421875 0.075
3 0.76796875 0.58515625 0.03125 0.0390625
2 0.72109375 0.5640625 0.04375 0.05
5 0.73984375 0.5015625 0.046875 0.05
5 0.6203125 0.42578125 0.0421875 0.046875
3 0.521875 0.35078125 0.0375 0.0421875
3 0.06953125 0.33203125 0.0546875 0.040625
3 0.078125 0.21484375 0.059375 0.040625
1 0.46484375 0.54375 0.04375 0.078125
6 0.21015625 0.4984375 0.05 0.0578125
6 0.43203125 0.4234375 0.040625 0.05625
8 0.2953125 0.428125 0.053125 0.05625
8 0.63125 0.56875 0.040625 0.053125
2 0.39375 0.3484375 0.053125 0.05625
0 0.47421875 0.29765625 0.0453125 0.05625
7 0.32734375 0.57421875 0.05625 0.08125