7 0.46171875 0.34453125 0.03515625 0.075
0 0.37265625 0.39765625 0.03515625 0.05625
10 0.31171875 0.41875 0.0515625 0.06953125
4 0.27578125 0.53984375 0.05859375 0.0703125
1 0.49765625 0.4734375 0.040625 0.07734375
6 0.55859375 0.36015625 0.03125 0.05546875
8 0.64453125 0.4140625 0.03984375 0.0484375
6 0.65234375 0.4765625 0.040625 0.053125
2 0.73828125 0.46796875 0.04375 0.05
3 0.73515625 0.53671875 0.0375 0.03671875
5 0.65078125 0.5890625 0.04375 0.04765625
5 0.52890625 0.67421875 0.03984375 0.04609375
2 0.41875 0.659375 0.03984375 0.0515625
3 0.3609375 0.71015625 0.0421875 0.040625