6 0.70546875 0.87109375 0.0765625 0.0609375
6 0.6875 0.76015625 0.078125 0.05
11 0.58203125 0.8046875 0.065625 0.059375
3 0.52578125 0.7828125 0.053125 0.046875
0 0.42265625 0.7078125 0.0828125 0.0625
9 0.6890625 0.684375 0.053125 0.0390625
9 0.7125 0.61640625 0.05 0.0359375
11 0.6203125 0.6234375 0.0625 0.046875
3 0.675 0.5875 0.053125 0.028125
1 0.6703125 0.5578125 0.1125 0.0515625
5 0.5875 0.51796875 0.0625 0.04375
9 0.5484375 0.46640625 0.053125 0.0390625
3 0.725 0.54296875 0.04375 0.028125
2 0.69375 0.50859375 0.0640625 0.0375
5 0.66015625 0.47734375 0.0625 0.0390625
0 0.628125 0.4375 0.0765625 0.04375
9 0.5828125 0.39296875 0.053125 0.0375
9 0.52734375 0.35 0.0546875 0.0453125
9 0.734375 0.4734375 0.05 0.03125
7 0.7375 0.4453125 0.109375 0.0453125
8 0.67890625 0.41796875 0.065625 0.046875
4 0.65703125 0.36640625 0.1 0.059375
8 0.60546875 0.31796875 0.071875 0.053125
3 0.753125 0.4171875 0.05 0.025
2 0.7296875 0.37578125 0.065625 0.04375
9 0.69296875 0.325 0.05 0.0375
10 0.68046875 0.29921875 0.0984375 0.0640625