9 0.42578125 0.8703125 0.034375 0.0734375
1 0.2484375 0.59609375 0.05625 0.203125
2 0.61953125 0.83203125 0.053125 0.090625
5 0.8375 0.396875 0.075 0.0953125
5 0.72578125 0.84375 0.040625 0.078125
0 0.82109375 0.56796875 0.0796875 0.1078125
0 0.4234375 0.77734375 0.04375 0.121875
3 0.57265625 0.665625 0.0453125 0.08125
3 0.6703125 0.471875 0.0578125 0.078125
3 0.7453125 0.4890625 0.05625 0.078125
3 0.73359375 0.55390625 0.05625 0.071875
3 0.71875 0.63203125 0.05 0.0734375
3 0.696875 0.7046875 0.04375 0.06875
3 0.6765625 0.76015625 0.0421875 0.071875
3 0.69375 0.80546875 0.040625 0.065625
4 0.75390625 0.77890625 0.0734375 0.1375
9 0.3234375 0.396875 0.0515625 0.0890625
9 0.3359375 0.52734375 0.04375 0.0921875
9 0.35625 0.61015625 0.0359375 0.0875
9 0.3609375 0.83203125 0.034375 0.078125
9 0.35234375 0.8875 0.03125 0.08125
9 0.3640625 0.93125 0.0265625 0.071875
9 0.5015625 0.92578125 0.025 0.03125
8 0.52734375 0.509375 0.0625 0.11875
8 0.4953125 0.8671875 0.046875 0.096875
11 0.503125 0.66484375 0.046875 0.096875
11 0.41875 0.67890625 0.040625 0.1015625
6 0.42734375 0.61484375 0.046875 0.1296875
7 0.28203125 0.834375 0.05 0.1875
10 0.49765625 0.7734375 0.059375 0.1640625
2 0.696875 0.38515625 0.084375 0.1078125