9 0.06953125 0.38984375 0.075 0.059375
9 0.55078125 0.396875 0.071875 0.05625
9 0.775 0.61484375 0.071875 0.0609375
9 0.35703125 0.8265625 0.05 0.0609375
3 0.10078125 0.55546875 0.0671875 0.06875
3 0.67265625 0.8015625 0.05 0.065625
5 0.2984375 0.51953125 0.075 0.065625
5 0.6015625 0.60625 0.0671875 0.0703125
0 0.48125 0.7078125 0.05625 0.09375
2 0.453125 0.57109375 0.06875 0.08125
11 0.6796875 0.54609375 0.0828125 0.071875
6 0.40625 0.42734375 0.0703125 0.078125
6 0.35859375 0.740625 0.065625 0.09375
8 0.61796875 0.74296875 0.0609375 0.084375
7 0.53984375 0.8171875 0.071875 0.140625
10 0.63984375 0.70390625 0.096875 0.10625
2 0.61171875 0.4796875 0.075 0.078125
0 0.296875 0.6484375 0.06875 0.1