10 0.421875 0.31484375 0.0515625 0.084375
0 0.50234375 0.315625 0.0375 0.065625
7 0.6375 0.29140625 0.046875 0.090625
6 0.73125 0.34765625 0.046875 0.065625
4 0.27421875 0.4109375 0.06875 0.08125
1 0.52890625 0.4375 0.046875 0.0875
8 0.76796875 0.440625 0.059375 0.053125
6 0.69453125 0.5078125 0.046875 0.0609375
2 0.809375 0.54140625 0.0671875 0.053125
3 0.196875 0.59453125 0.0515625 0.04375
2 0.27890625 0.57734375 0.065625 0.05
5 0.36328125 0.6390625 0.059375 0.05
5 0.56484375 0.61796875 0.046875 0.053125
3 0.721875 0.6109375 0.04375 0.0421875