5 0.7703125 0.23125 0.05234375 0.06875
2 0.7046875 0.228125 0.0453125 0.07265625
3 0.7078125 0.265625 0.0421875 0.05703125
0 0.6203125 0.22578125 0.046875 0.0875
3 0.628125 0.2859375 0.04296875 0.05390625
1 0.55 0.20625 0.0515625 0.11640625
3 0.5453125 0.2828125 0.04375 0.05703125
4 0.45 0.21953125 0.05078125 0.11015625
3 0.446875 0.28203125 0.04375 0.0578125
0 0.37421875 0.2234375 0.04375 0.08671875
3 0.3578125 0.28515625 0.0421875 0.05859375
2 0.29296875 0.23671875 0.04375 0.0734375
3 0.28828125 0.2859375 0.04375 0.05703125
5 0.209375 0.24609375 0.05 0.06640625
3 0.6359375 0.4171875 0.04609375 0.06015625
3 0.44609375 0.37734375 0.04296875 0.059375
9 0.8953125 0.5390625 0.06171875 0.06328125
11 0.91171875 0.60078125 0.07578125 0.078125
9 0.76484375 0.5375 0.05390625 0.06640625
8 0.78203125 0.59296875 0.06328125 0.0859375
9 0.6734375 0.5390625 0.05390625 0.06328125
6 0.69453125 0.59453125 0.06171875 0.09609375
9 0.5578125 0.53671875 0.05 0.06328125
7 0.57578125 0.590625 0.071875 0.13046875
9 0.43125 0.521875 0.0359375 0.0203125
10 0.446875 0.5796875 0.0671875 0.11953125
9 0.34140625 0.5390625 0.05390625 0.06015625
6 0.3359375 0.59921875 0.0640625 0.096875
9 0.23671875 0.5390625 0.05 0.06484375
9 0.11640625 0.5390625 0.0578125 0.06484375
8 0.2109375 0.59765625 0.065625 0.08984375
11 0.0984375 0.59453125 0.071875 0.0796875