3 0.97109375 0.846875 0.04375 0.034375
9 0.98359375 0.434375 0.0328125 0.03125
5 0.703125 0.5859375 0.0546875 0.0375
3 0.7046875 0.36640625 0.0453125 0.0375
2 0.68671875 0.66484375 0.059375 0.03125
5 0.6875 0.9046875 0.05625 0.05625
7 0.67265625 0.56484375 0.09375 0.04375
10 0.65078125 0.63984375 0.084375 0.053125
0 0.6125 0.53203125 0.065625 0.04375
3 0.59921875 0.35859375 0.0421875 0.04375
9 0.590625 0.60234375 0.04375 0.0375
3 0.5609375 0.509375 0.0421875 0.0375
6 0.54765625 0.57421875 0.05625 0.040625
4 0.52109375 0.44765625 0.075 0.0625
2 0.51953125 0.20390625 0.05625 0.071875
9 0.4875 0.5453125 0.040625 0.0390625
1 0.4625 0.428125 0.075 0.065625
6 0.45546875 0.16171875 0.05625 0.075
3 0.41796875 0.525 0.040625 0.04375
11 0.409375 0.403125 0.0484375 0.0515625
9 0.31484375 0.67578125 0.0375 0.046875