9 0.240625 0.575 0.028125 0.046875
6 0.37109375 0.8171875 0.125 0.0734375
6 0.3046875 0.5625 0.103125 0.046875
0 0.30625 0.403125 0.1046875 0.0125
4 0.3 0.4265625 0.096875 0.059375
2 0.32890625 0.290625 0.046875 0.0390625
11 0.396875 0.3234375 0.09375 0.06875
5 0.34375 0.68125 0.08125 0.0546875
7 0.375 0.72734375 0.1921875 0.09375
1 0.33359375 0.59765625 0.171875 0.0625
10 0.41640625 0.62109375 0.190625 0.0875
3 0.409375 0.54921875 0.08125 0.05625
9 0.3828125 0.44140625 0.06875 0.05
3 0.4015625 0.41953125 0.0421875 0.046875
9 0.45390625 0.48203125 0.090625 0.059375
8 0.48359375 0.4140625 0.128125 0.090625