5 0.71796875 0.6859375 0.053125 0.040625
2 0.68359375 0.71171875 0.0546875 0.046875
0 0.65234375 0.73515625 0.065625 0.0484375
1 0.609375 0.7875 0.0921875 0.06875
4 0.55078125 0.79921875 0.078125 0.0765625
0 0.5046875 0.8375 0.0625 0.0625
2 0.4359375 0.88515625 0.059375 0.071875
5 0.37734375 0.9078125 0.053125 0.0703125
3 0.69921875 0.60703125 0.04375 0.03125
3 0.6734375 0.6328125 0.04375 0.034375
3 0.62109375 0.67734375 0.04375 0.04375
3 0.57734375 0.684375 0.04375 0.040625
3 0.52890625 0.72265625 0.04375 0.040625
3 0.48046875 0.73828125 0.04375 0.0453125
3 0.4203125 0.796875 0.04375 0.053125
3 0.36640625 0.809375 0.046875 0.053125
11 0.63828125 0.196875 0.053125 0.05
11 0.59140625 0.19765625 0.05 0.0625
6 0.55078125 0.2109375 0.0609375 0.0609375
7 0.5171875 0.21171875 0.084375 0.08125
10 0.45078125 0.2203125 0.0734375 0.08125
6 0.3890625 0.23671875 0.05625 0.0640625
8 0.31328125 0.2421875 0.05 0.0734375
11 0.240625 0.2703125 0.05 0.0625
9 0.2671875 0.371875 0.04375 0.05
9 0.32265625 0.3546875 0.040625 0.05
9 0.39296875 0.33203125 0.04375 0.0421875
9 0.45703125 0.3234375 0.04375 0.0421875
9 0.5109375 0.3046875 0.04375 0.0453125
9 0.553125 0.29453125 0.0421875 0.04375
9 0.60078125 0.28359375 0.04375 0.040625
9 0.6421875 0.26640625 0.04375 0.0421875