3 0.2671875 0.26328125 0.0453125 0.04375
11 0.6390625 0.56015625 0.0390625 0.05
11 0.6203125 0.878125 0.0375 0.078125
8 0.515625 0.28046875 0.0484375 0.0578125
8 0.44609375 0.35 0.05625 0.0515625
6 0.36484375 0.36875 0.0640625 0.053125
6 0.6578125 0.38203125 0.040625 0.053125
10 0.54765625 0.75234375 0.059375 0.090625
7 0.440625 0.4375 0.0734375 0.053125
9 0.49375 0.5625 0.0421875 0.040625
9 0.55234375 0.86015625 0.0375 0.059375
9 0.5828125 0.3671875 0.0375 0.040625
9 0.5984375 0.275 0.0375 0.05
9 0.6015625 0.196875 0.034375 0.059375
9 0.32890625 0.440625 0.0453125 0.0375
9 0.209375 0.50625 0.046875 0.0375
4 0.19921875 0.32734375 0.090625 0.065625
5 0.225 0.1703125 0.05625 0.05625
5 0.19375 0.75 0.059375 0.05
0 0.18828125 0.57734375 0.075 0.04375
0 0.35859375 0.5328125 0.0671875 0.04375
2 0.203125 0.6625 0.065625 0.046875
2 0.315625 0.2640625 0.0609375 0.059375
3 0.24609375 0.77734375 0.0484375 0.046875
3 0.2609375 0.66328125 0.04375 0.040625
3 0.26171875 0.6015625 0.05 0.0375
3 0.2609375 0.51796875 0.0484375 0.0390625
3 0.26484375 0.340625 0.0453125 0.0421875
3 0.37578125 0.6984375 0.040625 0.0421875
9 0.4328125 0.628125 0.0421875 0.040625
1 0.38046875 0.25859375 0.084375 0.0765625
3 0.4609375 0.1875 0.0375 0.04375