10 0.07421875 0.5734375 0.1 0.09375
6 0.625 0.73046875 0.040625 0.078125
3 0.41953125 0.63359375 0.040625 0.05
4 0.23359375 0.53359375 0.1 0.1
9 0.3453125 0.51171875 0.05625 0.053125
9 0.43671875 0.53671875 0.046875 0.053125
3 0.5625 0.596875 0.040625 0.053125
8 0.515625 0.5859375 0.05 0.0734375
11 0.70625 0.6046875 0.05 0.065625
0 0.6359375 0.5828125 0.046875 0.084375
9 0.56328125 0.534375 0.0421875 0.0546875
3 0.31640625 0.42421875 0.05625 0.053125
3 0.41640625 0.45390625 0.046875 0.053125
3 0.61953125 0.4953125 0.0453125 0.053125
9 0.4453125 0.41015625 0.053125 0.0578125
0 0.86328125 0.5421875 0.059375 0.0890625
5 0.7046875 0.45078125 0.05625 0.071875
6 0.61171875 0.41484375 0.059375 0.084375
2 0.5171875 0.36328125 0.065625 0.078125
7 0.2828125 0.290625 0.115625 0.1125