4 0.64296875 0.7734375 0.090625 0.05625
9 0.40078125 0.62265625 0.071875 0.05
9 0.4765625 0.75703125 0.0625 0.0484375
9 0.46796875 0.6109375 0.0625 0.04375
9 0.42578125 0.546875 0.06875 0.05
9 0.46484375 0.47890625 0.0625 0.04375
9 0.5515625 0.284375 0.05625 0.0359375
9 0.56953125 0.2234375 0.0546875 0.0375
9 0.596875 0.1671875 0.05 0.0234375
8 0.50859375 0.67109375 0.078125 0.05625
8 0.62421875 0.353125 0.065625 0.034375
6 0.58984375 0.334375 0.08125 0.04375
6 0.43828125 0.39921875 0.103125 0.059375
11 0.55703125 0.38359375 0.0640625 0.0453125
11 0.58203125 0.44453125 0.059375 0.0328125
7 0.4984375 0.33359375 0.140625 0.065625
10 0.57578125 0.5078125 0.109375 0.046875
1 0.57890625 0.1515625 0.128125 0.06875
0 0.540625 0.46015625 0.0875 0.046875
0 0.68125 0.6 0.065625 0.0296875
2 0.66875 0.39140625 0.05625 0.028125
5 0.59375 0.9 0.0609375 0.05
5 0.68828125 0.4921875 0.04375 0.025
3 0.646875 0.4390625 0.04375 0.028125
3 0.65859375 0.50390625 0.0421875 0.0265625
3 0.6484375 0.54453125 0.04375 0.0265625
3 0.63515625 0.60234375 0.046875 0.034375
3 0.6140625 0.665625 0.046875 0.0359375
3 0.596875 0.725 0.046875 0.0375
3 0.58828125 0.81484375 0.05 0.0375
2 0.5640625 0.76484375 0.071875 0.05625