9 0.93046875 0.61015625 0.07421875 0.06015625
9 0.44921875 0.603125 0.071875 0.05625
9 0.225 0.38515625 0.07265625 0.0609375
9 0.64296875 0.1734375 0.05 0.0609375
3 0.89921875 0.44453125 0.0671875 0.06796875
3 0.32734375 0.1984375 0.05078125 0.065625
5 0.7015625 0.48046875 0.07578125 0.06484375
5 0.3984375 0.39375 0.0671875 0.0703125
0 0.51875 0.2921875 0.05546875 0.09375
2 0.546875 0.42890625 0.06796875 0.08125
11 0.3203125 0.45390625 0.0828125 0.071875
6 0.59375 0.57265625 0.0703125 0.07734375
6 0.64140625 0.259375 0.06640625 0.09453125
8 0.38203125 0.25703125 0.0609375 0.084375
7 0.46015625 0.1828125 0.07109375 0.13984375
10 0.36015625 0.29609375 0.09765625 0.10703125
2 0.38828125 0.5203125 0.075 0.078125
0 0.703125 0.3515625 0.06796875 0.1