9 0.46484375 0.734375 0.04375 0.05625
0 0.37421875 0.23515625 0.075 0.065625
5 0.62734375 0.2515625 0.0734375 0.0703125
3 0.56171875 0.36015625 0.059375 0.059375
5 0.446875 0.41640625 0.0625 0.071875
3 0.7890625 0.390625 0.0671875 0.0578125
4 0.5203125 0.52421875 0.06875 0.1046875
1 0.40625 0.5828125 0.0765625 0.1125
2 0.2890625 0.6625 0.0734375 0.078125
3 0.41875 0.67421875 0.04375 0.059375
3 0.478125 0.690625 0.0453125 0.059375
3 0.54765625 0.740625 0.0421875 0.059375
3 0.57109375 0.69140625 0.05 0.0625
11 0.49453125 0.63046875 0.053125 0.0765625
6 0.3140625 0.4890625 0.071875 0.08125
8 0.3234375 0.390625 0.059375 0.078125
9 0.63828125 0.5109375 0.053125 0.059375
9 0.759375 0.4484375 0.0640625 0.05625
8 0.7046875 0.37265625 0.0765625 0.078125
6 0.65546875 0.70859375 0.059375 0.0875
10 0.715625 0.61953125 0.0828125 0.10625
7 0.7546875 0.73046875 0.08125 0.121875
2 0.73046875 0.5375 0.09375 0.06875