3 0.52734375 0.41171875 0.02890625 0.04296875
9 0.78671875 0.5828125 0.05078125 0.06640625
9 0.76328125 0.49375 0.0421875 0.05625
9 0.6046875 0.57265625 0.0390625 0.0546875
9 0.21875 0.57421875 0.04140625 0.059375
9 0.09765625 0.5734375 0.05546875 0.059375
6 0.6125 0.62265625 0.05234375 0.1
6 0.31875 0.51796875 0.0484375 0.08515625
10 0.50390625 0.45625 0.04765625 0.06796875
0 0.5046875 0.5046875 0.04140625 0.04765625
1 0.18671875 0.5859375 0.0828125 0.1421875
4 0.58984375 0.36875 0.0390625 0.084375
5 0.7046875 0.3828125 0.03984375 0.05390625
5 0.278125 0.3875 0.034375 0.04921875
2 0.2140625 0.43046875 0.04609375 0.06015625
3 0.44140625 0.4625 0.0375 0.05234375
3 0.2890625 0.4375 0.03828125 0.04609375
3 0.32890625 0.4109375 0.03515625 0.0421875
3 0.4484375 0.409375 0.0328125 0.04140625
3 0.590625 0.415625 0.0296875 0.040625
3 0.653125 0.40390625 0.02734375 0.040625
0 0.4015625 0.371875 0.03125 0.06484375
7 0.50078125 0.59140625 0.05703125 0.14140625
2 0.6640625 0.43125 0.03125 0.06640625
8 0.68046875 0.4890625 0.04296875 0.0640625
9 0.690625 0.5375 0.04296875 0.0578125
9 0.70703125 0.58671875 0.04921875 0.0625
11 0.415625 0.49140625 0.0421875 0.06015625
11 0.39921875 0.5328125 0.05078125 0.06328125
3 0.38125 0.4125 0.02578125 0.04375
9 0.3078125 0.56875 0.05078125 0.0578125
8 0.2578125 0.484375 0.05078125 0.0671875