3 0.6796875 0.66328125 0.0375 0.053125
3 0.4234375 0.6078125 0.040625 0.046875
9 0.29453125 0.53046875 0.059375 0.053125
9 0.165625 0.5796875 0.0515625 0.05625
9 0.21171875 0.55078125 0.040625 0.05625
11 0.67109375 0.27578125 0.071875 0.08125
11 0.06328125 0.54375 0.071875 0.06875
8 0.578125 0.328125 0.059375 0.084375
8 0.6375 0.634375 0.05625 0.06875
6 0.21640625 0.490625 0.0640625 0.084375
6 0.59453125 0.48671875 0.053125 0.0859375
7 0.29609375 0.471875 0.0765625 0.11875
10 0.3859375 0.73203125 0.053125 0.0984375
9 0.79453125 0.5328125 0.053125 0.0546875
9 0.5296875 0.546875 0.0421875 0.0515625
9 0.4671875 0.45234375 0.0484375 0.059375
9 0.3671875 0.49140625 0.040625 0.0578125
9 0.72265625 0.484375 0.0484375 0.05625
0 0.42109375 0.54609375 0.05 0.0796875
0 0.78046875 0.69453125 0.053125 0.078125
5 0.9140625 0.6328125 0.059375 0.0625
5 0.475 0.76484375 0.034375 0.053125
2 0.2171875 0.621875 0.0625 0.065625
2 0.89921875 0.55390625 0.078125 0.065625
4 0.38046875 0.68125 0.059375 0.096875
3 0.59296875 0.59453125 0.0359375 0.05625
3 0.6953125 0.56875 0.04375 0.05625
3 0.81015625 0.6203125 0.046875 0.05
3 0.7515625 0.6375 0.040625 0.0515625
3 0.49609375 0.72890625 0.03125 0.046875
3 0.534375 0.69921875 0.034375 0.046875
1 0.51484375 0.64296875 0.0515625 0.109375