10 0.6984375 0.3671875 0.103125 0.05625
9 0.70390625 0.42421875 0.053125 0.034375
4 0.659375 0.40390625 0.10625 0.053125
8 0.66875 0.4875 0.06875 0.04375
8 0.61484375 0.45234375 0.08125 0.046875
7 0.7078125 0.65234375 0.1140625 0.059375
9 0.60859375 0.77265625 0.053125 0.05
6 0.57890625 0.8359375 0.08125 0.065625
11 0.5546875 0.6296875 0.059375 0.0515625
1 0.484375 0.625 0.1125 0.0640625
9 0.58359375 0.38515625 0.0546875 0.0421875
5 0.5625 0.5109375 0.065625 0.046875
2 0.52421875 0.56015625 0.071875 0.0515625
3 0.3984375 0.70078125 0.059375 0.05625
9 0.54296875 0.296875 0.0578125 0.0515625
9 0.465625 0.2328125 0.0546875 0.059375