6 0.68046875 0.41171875 0.0703125 0.0390625
11 0.5734375 0.309375 0.059375 0.05
0 0.52109375 0.1609375 0.0765625 0.065625
0 0.5578125 0.3625 0.075 0.05
3 0.57109375 0.43359375 0.05 0.0328125
8 0.56328125 0.47109375 0.065625 0.04375
3 0.60859375 0.58125 0.0484375 0.0375
9 0.52265625 0.534375 0.0515625 0.0375
9 0.51875 0.41796875 0.05 0.04375
3 0.48515625 0.35625 0.0515625 0.0453125
5 0.44921875 0.26640625 0.065625 0.0640625
6 0.42109375 0.33671875 0.08125 0.0578125
3 0.44921875 0.5296875 0.053125 0.04375
2 0.37421875 0.4046875 0.0734375 0.059375
9 0.4125 0.48984375 0.05625 0.046875
3 0.42421875 0.6171875 0.0546875 0.046875
9 0.5015625 0.615625 0.053125 0.04375
4 0.52734375 0.71953125 0.103125 0.065625
10 0.5671875 0.9109375 0.1015625 0.078125
8 0.4765625 0.8234375 0.071875 0.0703125
3 0.41796875 0.96875 0.059375 0.0625
7 0.3109375 0.58671875 0.121875 0.065625