9 0.540625 0.88046875 0.05 0.0375
6 0.5140625 0.69609375 0.040625 0.0734375
0 0.396875 0.70234375 0.040625 0.059375
4 0.40703125 0.6390625 0.053125 0.084375
9 0.41640625 0.58203125 0.0375 0.0484375
2 0.309375 0.634375 0.04375 0.0625
5 0.59765625 0.6421875 0.04375 0.05625
1 0.5265625 0.61328125 0.053125 0.0953125
3 0.490625 0.5515625 0.0375 0.046875
11 0.33671875 0.56484375 0.05 0.053125
3 0.40546875 0.53359375 0.040625 0.0453125
6 0.68203125 0.5796875 0.053125 0.06875
7 0.60703125 0.54765625 0.0609375 0.090625
10 0.53046875 0.5 0.053125 0.08125
9 0.4421875 0.496875 0.040625 0.0453125
8 0.403125 0.459375 0.05625 0.0578125