9 0.34453125 0.21640625 0.06640625 0.10234375
8 0.890625 0.55078125 0.1015625 0.065625
8 0.71875 0.2234375 0.0765625 0.084375
11 0.87109375 0.38359375 0.08359375 0.078125
4 0.51328125 0.20234375 0.06484375 0.1328125
1 0.409375 0.2546875 0.078125 0.140625
11 0.27109375 0.28125 0.07265625 0.0765625
2 0.27421875 0.35234375 0.08515625 0.08203125
0 0.38671875 0.4328125 0.07890625 0.084375
6 0.24140625 0.43359375 0.09296875 0.08515625
10 0.6078125 0.27109375 0.07578125 0.128125
3 0.71640625 0.29609375 0.0546875 0.06640625
3 0.7125 0.3875 0.06015625 0.06328125
9 0.6171875 0.36875 0.05 0.06328125
9 0.49375 0.43828125 0.05703125 0.0609375
9 0.38515625 0.53359375 0.06484375 0.059375
7 0.61484375 0.50390625 0.08359375 0.10546875
5 0.50859375 0.578125 0.0671875 0.06796875
5 0.734375 0.46328125 0.07890625 0.07265625