5 0.27734375 0.52265625 0.053125 0.034375
3 0.3 0.57265625 0.04375 0.034375
3 0.33984375 0.509375 0.0453125 0.0328125
2 0.303125 0.471875 0.059375 0.034375
0 0.3140625 0.40546875 0.06875 0.0359375
3 0.35625 0.4671875 0.0453125 0.034375
9 0.35078125 0.35859375 0.046875 0.0359375
3 0.38046875 0.40546875 0.046875 0.0359375
1 0.35625 0.29140625 0.0953125 0.059375
3 0.42421875 0.35078125 0.046875 0.0375
3 0.43671875 0.290625 0.0453125 0.040625
4 0.3875 0.22109375 0.090625 0.06875
5 0.45546875 0.1015625 0.059375 0.0609375
3 0.46953125 0.20078125 0.046875 0.0453125
3 0.4953125 0.13125 0.046875 0.0578125
2 0.503125 0.25 0.059375 0.0640625
9 0.446875 0.38515625 0.046875 0.0375
6 0.49921875 0.375 0.06875 0.0484375
0 0.4359375 0.50234375 0.071875 0.040625
9 0.45390625 0.61875 0.04375 0.040625
9 0.5234375 0.62265625 0.0484375 0.04375
7 0.51484375 0.49453125 0.09375 0.053125
8 0.5640625 0.42578125 0.0609375 0.05
8 0.64296875 0.425 0.05625 0.05
10 0.44453125 0.73671875 0.0859375 0.071875
9 0.4625 0.86796875 0.046875 0.053125
11 0.49609375 0.93046875 0.05625 0.06875
11 0.62421875 0.75546875 0.059375 0.0640625
9 0.659375 0.5484375 0.05 0.046875
6 0.703125 0.63359375 0.0640625 0.059375
9 0.71484375 0.490625 0.05 0.05
9 0.753125 0.4265625 0.0515625 0.05