0 0.05 0.83203125 0.059375 0.025
4 0.2390625 0.82265625 0.034375 0.046875
3 0.30234375 0.8125 0.0375 0.03125
3 0.40234375 0.78515625 0.028125 0.028125
1 0.265625 0.73984375 0.121875 0.04375
3 0.15859375 0.69921875 0.04375 0.0328125
11 0.234375 0.653125 0.0515625 0.059375
6 0.3203125 0.6640625 0.04375 0.0765625
9 0.39765625 0.653125 0.0375 0.05
10 0.46796875 0.67890625 0.04375 0.1
7 0.55390625 0.67734375 0.046875 0.109375
8 0.63203125 0.6609375 0.04375 0.0671875
9 0.74453125 0.57734375 0.046875 0.053125
9 0.57578125 0.49375 0.04375 0.05625
9 0.5765625 0.421875 0.05 0.059375
9 0.49921875 0.34140625 0.053125 0.0625