9 0.1546875 0.5890625 0.05625 0.071875
9 0.2796875 0.575 0.053125 0.0640625
9 0.3875 0.56640625 0.046875 0.06875
9 0.4875 0.56015625 0.046875 0.0671875
9 0.60390625 0.540625 0.05 0.065625
9 0.71953125 0.53125 0.046875 0.0640625
9 0.803125 0.5203125 0.040625 0.065625
9 0.91796875 0.50859375 0.05625 0.0640625
11 0.1609375 0.64765625 0.059375 0.0875
8 0.28203125 0.63515625 0.0609375 0.0953125
6 0.41328125 0.61875 0.059375 0.103125
6 0.7671875 0.575 0.065625 0.1
8 0.8484375 0.56640625 0.06875 0.084375
11 0.965625 0.5625 0.06875 0.084375
7 0.66171875 0.58046875 0.08125 0.14375
10 0.52890625 0.58671875 0.071875 0.13125
3 0.62734375 0.42421875 0.046875 0.059375
3 0.42890625 0.40390625 0.0515625 0.059375
5 0.12421875 0.30234375 0.05 0.0703125
5 0.6765625 0.2515625 0.04375 0.0640625
2 0.2109375 0.2859375 0.04375 0.071875
2 0.61875 0.25078125 0.040625 0.071875
0 0.2921875 0.26796875 0.0421875 0.0859375
0 0.53984375 0.25546875 0.0453125 0.0890625
4 0.36875 0.2546875 0.053125 0.10625
1 0.46875 0.24140625 0.05 0.11875
3 0.62890625 0.2875 0.0375 0.0578125
3 0.5640625 0.30703125 0.0359375 0.05625
3 0.38515625 0.31796875 0.040625 0.05
3 0.29453125 0.32734375 0.034375 0.05625
3 0.22578125 0.33359375 0.0375 0.0546875
3 0.484375 0.31328125 0.0375 0.0546875