6 0.5703125 0.78046875 0.046875 0.078125
2 0.484375 0.76640625 0.04375 0.06875
11 0.3953125 0.77421875 0.0453125 0.0625
6 0.321875 0.75078125 0.053125 0.078125
9 0.6671875 0.70390625 0.046875 0.053125
0 0.57421875 0.71875 0.05 0.078125
1 0.390625 0.725 0.0625 0.10625
4 0.30703125 0.6671875 0.0765625 0.0953125
10 0.4046875 0.61796875 0.0625 0.0875
9 0.571875 0.6578125 0.040625 0.053125
9 0.4921875 0.5921875 0.04375 0.046875
5 0.728125 0.653125 0.046875 0.0625
7 0.6734375 0.61796875 0.078125 0.0953125
5 0.60703125 0.53828125 0.05625 0.05625
3 0.5140625 0.540625 0.04375 0.046875
3 0.40390625 0.53671875 0.046875 0.04375
8 0.30546875 0.54296875 0.05625 0.065625
8 0.7078125 0.47109375 0.065625 0.0625
11 0.51875 0.45703125 0.05 0.0546875