2 0.61796875 0.2359375 0.0765625 0.1109375
0 0.29140625 0.20078125 0.071875 0.128125
8 0.37890625 0.1640625 0.078125 0.1140625
1 0.3578125 0.26015625 0.08125 0.175
10 0.69921875 0.32890625 0.128125 0.15
7 0.721875 0.41796875 0.153125 0.153125
9 0.51171875 0.3796875 0.06875 0.08125
3 0.52109375 0.271875 0.078125 0.0859375
3 0.5171875 0.4703125 0.071875 0.0734375
5 0.52421875 0.1703125 0.071875 0.1015625
4 0.378125 0.37578125 0.090625 0.153125
9 0.4078125 0.46875 0.075 0.0796875
8 0.6953125 0.52578125 0.1078125 0.096875
11 0.47734375 0.553125 0.0828125 0.0875