3 0.08125 0.73359375 0.04375 0.0453125
3 0.13515625 0.3828125 0.0484375 0.0375
3 0.01796875 0.125 0.0296875 0.0609375
11 0.2453125 0.11328125 0.059375 0.065625
11 0.24375 0.39140625 0.05625 0.0453125
6 0.27109375 0.46484375 0.0625 0.040625
9 0.3046875 0.53125 0.04375 0.0375
10 0.31875 0.59921875 0.078125 0.05625
7 0.36171875 0.67421875 0.078125 0.0671875
8 0.39921875 0.7453125 0.05625 0.05625
9 0.54921875 0.73359375 0.0375 0.053125
9 0.5703125 0.4953125 0.034375 0.040625
9 0.62890625 0.4296875 0.03125 0.0421875
9 0.66171875 0.31171875 0.0328125 0.0515625
4 0.54765625 0.6 0.053125 0.0640625
0 0.5203125 0.52734375 0.040625 0.04375
5 0.47890625 0.45546875 0.04375 0.046875
2 0.44609375 0.390625 0.05 0.0515625
1 0.4140625 0.31015625 0.065625 0.075
3 0.3765625 0.23984375 0.0421875 0.05