9 0.8265625 0.534375 0.0625 0.0421875
11 0.72734375 0.75859375 0.08125 0.0625
1 0.7375 0.71640625 0.15 0.078125
3 0.74375 0.61796875 0.065625 0.046875
4 0.68515625 0.65625 0.1375 0.0875
9 0.7 0.5484375 0.06875 0.0515625
2 0.57265625 0.96640625 0.08125 0.0671875
3 0.51484375 0.72265625 0.0703125 0.06875
6 0.68203125 0.47578125 0.10625 0.05625
3 0.62109375 0.53828125 0.065625 0.053125
0 0.5984375 0.46953125 0.1046875 0.0609375
9 0.62265625 0.39375 0.06875 0.0515625
10 0.6171875 0.28359375 0.140625 0.0890625
7 0.56953125 0.3609375 0.15 0.0875
2 0.5484375 0.18359375 0.096875 0.09375
5 0.47578125 0.26796875 0.0859375 0.084375
3 0.328125 0.62578125 0.075 0.0671875