5 0.2703125 0.77109375 0.05625 0.05
3 0.3421875 0.76875 0.04375 0.0453125
2 0.25625 0.71015625 0.0625 0.0546875
3 0.33046875 0.6921875 0.04375 0.040625
0 0.215625 0.6625 0.0640625 0.053125
3 0.31171875 0.65234375 0.046875 0.040625
3 0.2875 0.596875 0.046875 0.0375
9 0.2109375 0.60546875 0.05 0.0390625
3 0.2890625 0.52734375 0.046875 0.0328125
1 0.1734375 0.55546875 0.0953125 0.0546875
3 0.253125 0.4890625 0.0484375 0.03125
4 0.1515625 0.49296875 0.09375 0.0515625
3 0.21875 0.41953125 0.053125 0.028125
2 0.29609375 0.41015625 0.06875 0.0328125
5 0.12265625 0.384375 0.0703125 0.034375
3 0.2015625 0.3703125 0.0609375 0.028125
0 0.43671875 0.57890625 0.0484375 0.05
8 0.553125 0.69296875 0.0453125 0.053125
6 0.62734375 0.62578125 0.04375 0.053125
11 0.615625 0.56015625 0.04375 0.04375
9 0.59609375 0.49921875 0.040625 0.034375
7 0.50234375 0.5015625 0.0515625 0.053125
9 0.734375 0.71875 0.0421875 0.04375
11 0.7984375 0.71015625 0.053125 0.0515625
9 0.7125 0.65234375 0.040625 0.040625
9 0.68671875 0.6 0.0375 0.0390625