3 0.62890625 0.071875 0.06328125 0.03046875
6 0.490625 0.17109375 0.0390625 0.0703125
0 0.36015625 0.23046875 0.04453125 0.06953125
6 0.1484375 0.32734375 0.0703125 0.06484375
11 0.559375 0.2109375 0.0390625 0.05859375
1 0.52109375 0.2796875 0.046875 0.09375
11 0.284375 0.35 0.05703125 0.05546875
4 0.11796875 0.434375 0.0984375 0.06875
3 0.65859375 0.29296875 0.0375 0.04921875
3 0.51484375 0.46171875 0.040625 0.0421875
3 0.6234375 0.45625 0.04140625 0.04453125
3 0.2203125 0.61171875 0.0515625 0.03515625
3 0.34453125 0.6390625 0.05078125 0.03515625
3 0.87890625 0.48125 0.0515625 0.03828125
5 0.38828125 0.46015625 0.05234375 0.05
9 0.2328125 0.54140625 0.06015625 0.03984375
9 0.48125 0.5375 0.04296875 0.03359375
9 0.6703125 0.6234375 0.04765625 0.03515625
9 0.5515625 0.60234375 0.04140625 0.03359375
10 0.7734375 0.37734375 0.07421875 0.071875
2 0.48984375 0.68203125 0.04921875 0.0421875
2 0.3328125 0.73828125 0.05859375 0.04375
8 0.7875 0.5375 0.06171875 0.053125