9 0.26796875 0.48125 0.0375 0.028125
9 0.4109375 0.4765625 0.040625 0.03125
4 0.34375 0.57421875 0.075 0.034375
0 0.37734375 0.621875 0.059375 0.03125
10 0.3421875 0.38828125 0.075 0.0421875
3 0.41484375 0.76796875 0.0390625 0.03125
2 0.4359375 0.72109375 0.05 0.04375
5 0.4984375 0.73984375 0.05 0.046875
5 0.57421875 0.6203125 0.046875 0.0421875
3 0.64921875 0.521875 0.0421875 0.0375
3 0.66796875 0.06953125 0.040625 0.0546875
3 0.78515625 0.078125 0.040625 0.059375
1 0.45625 0.46484375 0.078125 0.04375
6 0.5015625 0.21015625 0.0578125 0.05
6 0.5765625 0.43203125 0.05625 0.040625
8 0.571875 0.2953125 0.05625 0.053125
8 0.43125 0.63125 0.053125 0.040625
2 0.6515625 0.39375 0.05625 0.053125
0 0.70234375 0.47421875 0.05625 0.0453125
7 0.42578125 0.32734375 0.08125 0.05625