2 0.3125 0.44375 0.0671875 0.040625
11 0.4234375 0.48125 0.0671875 0.04375
9 0.33046875 0.28203125 0.0515625 0.028125
8 0.34765625 0.3140625 0.065625 0.05
10 0.37578125 0.4078125 0.11875 0.059375
11 0.45546875 0.40234375 0.071875 0.053125
4 0.28125 0.59765625 0.1 0.0375
0 0.4078125 0.33828125 0.09375 0.05625
0 0.3375 0.78359375 0.084375 0.053125
5 0.40078125 0.90703125 0.0734375 0.0546875
5 0.27109375 0.51875 0.0515625 0.03125
2 0.459375 0.8328125 0.0734375 0.0671875
3 0.3984375 0.53515625 0.059375 0.040625
3 0.35703125 0.665625 0.053125 0.0375
3 0.3828125 0.7265625 0.053125 0.04375
3 0.4015625 0.78359375 0.059375 0.040625
3 0.3390625 0.59609375 0.0515625 0.034375
3 0.30078125 0.52109375 0.046875 0.028125
9 0.62265625 0.540625 0.075 0.053125
9 0.5609375 0.44609375 0.071875 0.0578125
9 0.5140625 0.39296875 0.0625 0.040625
9 0.41796875 0.21796875 0.059375 0.04375
9 0.3734375 0.24765625 0.0578125 0.0421875
9 0.3734375 0.12890625 0.053125 0.0296875
6 0.42890625 0.11328125 0.096875 0.06875
6 0.47265625 0.46953125 0.1 0.05
8 0.47734375 0.62265625 0.0859375 0.059375
7 0.43828125 0.17109375 0.1375 0.0859375
1 0.55625 0.3453125 0.165625 0.0859375
3 0.43671875 0.7453125 0.059375 0.0453125
3 0.32421875 0.54140625 0.046875 0.03125