5 0.725 0.28984375 0.04453125 0.05234375
2 0.74375 0.3265625 0.04921875 0.0578125
0 0.7609375 0.3609375 0.05078125 0.06640625
1 0.80234375 0.40859375 0.07265625 0.090625
4 0.8015625 0.46875 0.078125 0.078125
0 0.8328125 0.51953125 0.0640625 0.06015625
2 0.8671875 0.59453125 0.07421875 0.05703125
5 0.87734375 0.65625 0.06953125 0.0515625
3 0.7734375 0.6578125 0.05390625 0.04453125
3 0.7734375 0.6015625 0.05234375 0.04296875
3 0.72578125 0.534375 0.04453125 0.04375
3 0.71953125 0.484375 0.04296875 0.04375
3 0.69140625 0.4328125 0.04140625 0.04375
3 0.69609375 0.38671875 0.04453125 0.04375
3 0.66171875 0.33046875 0.0359375 0.04453125
3 0.64140625 0.303125 0.03359375 0.04296875
11 0.225 0.33203125 0.0484375 0.053125
8 0.21484375 0.37890625 0.06015625 0.05078125
6 0.21875 0.41953125 0.05859375 0.0625
7 0.209375 0.45 0.08046875 0.08515625
10 0.2046875 0.5171875 0.08046875 0.07578125
6 0.209375 0.578125 0.0671875 0.0578125
8 0.2 0.6546875 0.07734375 0.04921875
11 0.21171875 0.7265625 0.06796875 0.05078125
9 0.315625 0.71015625 0.053125 0.04453125
9 0.31015625 0.65390625 0.05234375 0.04140625
9 0.30390625 0.58359375 0.0453125 0.04453125
9 0.30859375 0.51953125 0.04375 0.04296875
9 0.3015625 0.46484375 0.04453125 0.04375
9 0.3015625 0.4234375 0.0421875 0.0421875
9 0.30078125 0.375 0.03984375 0.04375
9 0.29296875 0.3328125 0.03984375 0.04375