2 0.58515625 0.33828125 0.075 0.071875
9 0.48984375 0.49765625 0.05625 0.0578125
8 0.45234375 0.1703125 0.0875 0.0875
8 0.56328125 0.70390625 0.0796875 0.0828125
11 0.446875 0.709375 0.071875 0.075
10 0.61015625 0.49609375 0.115625 0.0640625
7 0.6046875 0.6078125 0.128125 0.078125
5 0.540625 0.21171875 0.075 0.08125
4 0.425 0.515625 0.1 0.071875
3 0.4796875 0.60546875 0.053125 0.053125
3 0.51875 0.3578125 0.065625 0.05
0 0.38203125 0.2265625 0.075 0.0859375
9 0.41875 0.6015625 0.065625 0.053125
1 0.43203125 0.36875 0.10625 0.084375