6 0.38828125 0.16484375 0.046875 0.071875
0 0.62578125 0.18046875 0.05 0.065625
6 0.78828125 0.19296875 0.059375 0.0640625
4 0.27265625 0.240625 0.071875 0.08125
11 0.46875 0.24453125 0.04375 0.05625
1 0.70390625 0.29921875 0.0734375 0.078125
3 0.8078125 0.375 0.053125 0.040625
5 0.45 0.38046875 0.04375 0.046875
9 0.2765625 0.36953125 0.0484375 0.040625
3 0.2140625 0.415625 0.053125 0.0375
9 0.453125 0.4796875 0.040625 0.034375
3 0.628125 0.4859375 0.0421875 0.034375
10 0.8078125 0.496875 0.084375 0.0515625
2 0.1890625 0.54921875 0.065625 0.040625
2 0.33515625 0.5859375 0.065625 0.0328125
9 0.51484375 0.6265625 0.0390625 0.03125
2 0.675 0.62421875 0.0625 0.034375
3 0.7984375 0.62578125 0.053125 0.03125