7 0.53828125 0.65546875 0.034375 0.075
0 0.62734375 0.60234375 0.034375 0.05625
10 0.68828125 0.58125 0.0515625 0.06875
4 0.72421875 0.46015625 0.059375 0.0703125
1 0.50234375 0.5265625 0.040625 0.078125
6 0.44140625 0.63984375 0.03125 0.05625
8 0.35546875 0.5859375 0.040625 0.0484375
6 0.34765625 0.5234375 0.040625 0.053125
2 0.26171875 0.53203125 0.04375 0.05
3 0.26484375 0.46328125 0.0375 0.0375
5 0.34921875 0.4109375 0.04375 0.046875
5 0.47109375 0.32578125 0.040625 0.046875
2 0.58125 0.340625 0.040625 0.0515625
3 0.6390625 0.28984375 0.0421875 0.040625