2 0.30546875 0.29765625 0.0484375 0.053125
3 0.46328125 0.309375 0.0328125 0.04296875
9 0.515625 0.3390625 0.03515625 0.04453125
4 0.6640625 0.32109375 0.05859375 0.08125
6 0.77890625 0.38828125 0.05703125 0.06328125
9 0.38125 0.43828125 0.03671875 0.04296875
8 0.17109375 0.575 0.06015625 0.0578125
3 0.36484375 0.5546875 0.0421875 0.04140625
1 0.6109375 0.5953125 0.06328125 0.07265625
10 0.31796875 0.67109375 0.07734375 0.06484375
3 0.14765625 0.67421875 0.05390625 0.0375
6 0.8015625 0.68671875 0.06640625 0.05