4 0.78359375 0.30078125 0.07578125 0.1
10 0.28984375 0.6015625 0.08203125 0.1109375
11 0.7609375 0.79453125 0.0859375 0.0703125
11 0.61171875 0.54375 0.05859375 0.06796875
8 0.75 0.5171875 0.0703125 0.07421875
8 0.3109375 0.3796875 0.05703125 0.07578125
6 0.5203125 0.6859375 0.06640625 0.08046875
6 0.32890625 0.45 0.05546875 0.08359375
9 0.76484375 0.6859375 0.0703125 0.0609375
9 0.67109375 0.66328125 0.05625 0.0640625
9 0.571875 0.61484375 0.04921875 0.059375
9 0.4640625 0.58515625 0.05078125 0.0625
9 0.35078125 0.54296875 0.04609375 0.05859375
9 0.2890625 0.51015625 0.05234375 0.0625
9 0.203125 0.4890625 0.053125 0.05859375
9 0.0984375 0.45546875 0.05859375 0.0546875
1 0.1296875 0.515625 0.0984375 0.1234375
0 0.509375 0.51796875 0.0484375 0.08125
0 0.5609375 0.2484375 0.03828125 0.078125
5 0.9234375 0.34921875 0.06484375 0.0640625
5 0.4234375 0.2390625 0.0390625 0.05859375
3 0.51796875 0.4 0.0484375 0.0515625
3 0.38984375 0.31796875 0.03671875 0.05546875
3 0.66953125 0.34140625 0.04453125 0.05390625
3 0.74296875 0.36328125 0.04765625 0.0515625
3 0.83828125 0.36328125 0.05 0.053125
3 0.58671875 0.31640625 0.040625 0.05390625
3 0.5125 0.3 0.03828125 0.0515625
3 0.45703125 0.28671875 0.03359375 0.05
2 0.32265625 0.28828125 0.04296875 0.07109375
2 0.81015625 0.41484375 0.0703125 0.0734375
7 0.3953125 0.62890625 0.06953125 0.11796875