6 0.6 0.23125 0.04609375 0.07421875
9 0.53515625 0.26640625 0.03515625 0.05390625
9 0.45625 0.28203125 0.0375 0.0515625
3 0.72265625 0.26015625 0.04375 0.05
9 0.771875 0.3 0.05078125 0.05234375
3 0.64453125 0.278125 0.03515625 0.053125
3 0.7109375 0.3203125 0.046875 0.05234375
3 0.73515625 0.35859375 0.05078125 0.05
11 0.62734375 0.3484375 0.05390625 0.06484375
6 0.58359375 0.2984375 0.0515625 0.0796875
1 0.5515625 0.34375 0.0640625 0.11015625
3 0.50625 0.3296875 0.0359375 0.053125
3 0.38046875 0.315625 0.03984375 0.05234375
2 0.43515625 0.35859375 0.046875 0.06171875
9 0.309375 0.34609375 0.0359375 0.05546875
7 0.3421875 0.35859375 0.0578125 0.109375
3 0.22890625 0.3625 0.04453125 0.05390625
2 0.26484375 0.40703125 0.0515625 0.071875
8 0.4 0.42109375 0.04921875 0.07109375
5 0.471875 0.40234375 0.04453125 0.059375
3 0.67578125 0.40625 0.04765625 0.05078125
5 0.62734375 0.43125 0.05546875 0.0625
0 0.52421875 0.45078125 0.0453125 0.07109375
4 0.44453125 0.4734375 0.053125 0.08671875
9 0.2921875 0.47734375 0.05 0.0515625
10 0.34765625 0.50078125 0.06484375 0.08984375
11 0.390625 0.58125 0.05390625 0.05859375
8 0.484375 0.54765625 0.05703125 0.05859375
9 0.80703125 0.4265625 0.06015625 0.0515625
0 0.72890625 0.4484375 0.06796875 0.0734375
9 0.65859375 0.4890625 0.05390625 0.04921875
9 0.559375 0.51171875 0.0484375 0.0484375