7 0.50703125 0.31640625 0.04375 0.084375
9 0.6546875 0.3703125 0.0375 0.040625
6 0.7265625 0.3859375 0.05 0.0578125
8 0.38828125 0.403125 0.0484375 0.05
9 0.2953125 0.38359375 0.04375 0.04375
10 0.2734375 0.41875 0.0734375 0.071875
4 0.3453125 0.44453125 0.06875 0.06875
0 0.41484375 0.4734375 0.046875 0.0515625
5 0.496875 0.49765625 0.040625 0.046875
2 0.5640625 0.51640625 0.0421875 0.0515625
11 0.59375 0.46953125 0.0453125 0.046875
1 0.65390625 0.5421875 0.059375 0.0609375
3 0.74296875 0.57734375 0.0484375 0.0375
9 0.378125 0.5203125 0.0390625 0.040625
9 0.34375 0.58828125 0.046875 0.0375
9 0.36171875 0.67890625 0.04375 0.0328125