9 0.16953125 0.6453125 0.0203125 0.034375
3 0.12734375 0.53828125 0.0125 0.0203125
9 0.3578125 0.71640625 0.03125 0.03125
6 0.3203125 0.5953125 0.0484375 0.03125
9 0.3078125 0.5453125 0.03125 0.025
2 0.3140625 0.50390625 0.0421875 0.025
11 0.32109375 0.453125 0.03125 0.0265625
5 0.35390625 0.459375 0.0390625 0.028125
9 0.3359375 0.3765625 0.034375 0.025
2 0.3578125 0.53828125 0.04375 0.03125
3 0.403125 0.6828125 0.0328125 0.03125
5 0.36484375 0.61328125 0.0390625 0.03125
0 0.4015625 0.58359375 0.0484375 0.0328125
0 0.39921875 0.47578125 0.05 0.0296875
10 0.3671875 0.41015625 0.0625 0.03125
6 0.43125 0.5234375 0.0484375 0.03125
7 0.4234375 0.4046875 0.065625 0.034375
8 0.39921875 0.38515625 0.046875 0.028125
3 0.4265625 0.3125 0.034375 0.028125
9 0.49296875 0.47734375 0.034375 0.028125