2 0.6015625 0.571875 0.05859375 0.08125
2 0.5296875 0.31015625 0.0453125 0.0765625
8 0.33359375 0.30234375 0.04453125 0.06953125
8 0.2140625 0.45234375 0.0671875 0.075
11 0.60859375 0.43828125 0.0546875 0.0734375
3 0.38515625 0.28515625 0.0328125 0.05625
3 0.28671875 0.35625 0.0453125 0.05390625
3 0.671875 0.5015625 0.04921875 0.0609375
3 0.8359375 0.4453125 0.0546875 0.0578125
10 0.61171875 0.31015625 0.059375 0.10859375
7 0.796875 0.30390625 0.06796875 0.11484375
9 0.43515625 0.29921875 0.03515625 0.05234375
1 0.47421875 0.4359375 0.05859375 0.11953125
4 0.43359375 0.375 0.0453125 0.11171875
9 0.478125 0.34921875 0.0359375 0.053125
5 0.30078125 0.4078125 0.05 0.06796875
3 0.72109375 0.46953125 0.04140625 0.06015625
6 0.76640625 0.36171875 0.0515625 0.084375
9 0.8046875 0.49375 0.05625 0.06015625
3 0.74140625 0.41484375 0.06328125 0.05546875
6 0.32734375 0.4765625 0.06015625 0.08984375