2 0.22578125 0.26328125 0.08359375 0.11484375
0 0.159375 0.328125 0.0984375 0.165625
8 0.63203125 0.19453125 0.0515625 0.0546875
9 0.62109375 0.259375 0.02734375 0.084375
3 0.50859375 0.2640625 0.05625 0.08515625
11 0.3953125 0.2484375 0.04609375 0.0984375
4 0.3484375 0.26484375 0.0890625 0.2
6 0.30625 0.40703125 0.09453125 0.18359375
9 0.4375 0.2921875 0.06484375 0.0921875
10 0.7390625 0.2375 0.1140625 0.1875
1 0.56484375 0.2890625 0.11015625 0.234375
7 0.79296875 0.28125 0.1421875 0.22890625
6 0.86171875 0.39375 0.13515625 0.1765625
5 0.571875 0.43828125 0.09765625 0.13828125