3 0.27734375 0.20234375 0.0375 0.0328125
3 0.69765625 0.11953125 0.04921875 0.021875
3 0.78125 0.15 0.05 0.0234375
3 0.57578125 0.23203125 0.0328125 0.034375
3 0.90546875 0.15703125 0.05390625 0.025
0 0.87265625 0.11484375 0.06640625 0.04296875
2 0.9796875 0.20625 0.040625 0.05
11 0.82265625 0.3046875 0.0578125 0.05
11 0.5765625 0.30546875 0.0359375 0.0515625
6 0.51171875 0.32421875 0.0359375 0.06328125
9 0.45390625 0.3546875 0.03359375 0.0421875
10 0.39375 0.35859375 0.046875 0.08203125
7 0.325 0.3921875 0.0546875 0.0890625
8 0.25703125 0.43046875 0.0453125 0.05859375
9 0.2625 0.56015625 0.0484375 0.04375
9 0.5 0.57109375 0.0390625 0.03984375
9 0.56875 0.625 0.040625 0.0421875
9 0.69375 0.6546875 0.046875 0.04453125
3 0.72421875 0.4015625 0.040625 0.04375
1 0.66328125 0.42421875 0.06015625 0.08515625
2 0.5921875 0.4609375 0.04609375 0.05546875
5 0.5328125 0.48984375 0.03984375 0.0515625
0 0.4640625 0.521875 0.0421875 0.05859375
4 0.39609375 0.5453125 0.05859375 0.07421875