11 0.34296875 0.71328125 0.0734375 0.0859375
4 0.33671875 0.6140625 0.075 0.165625
0 0.3703125 0.36328125 0.0984375 0.121875
5 0.7109375 0.38046875 0.1046875 0.0953125
2 0.721875 0.5109375 0.1125 0.1140625
3 0.58203125 0.49296875 0.0875 0.075
3 0.42578125 0.65703125 0.065625 0.084375
1 0.38046875 0.51953125 0.109375 0.165625
8 0.51640625 0.7375 0.065625 0.115625
8 0.53125 0.31953125 0.11875 0.103125
9 0.48046875 0.58984375 0.065625 0.09375
7 0.59140625 0.7296875 0.10625 0.1875
10 0.6625 0.6578125 0.1125 0.165625