5 0.77109375 0.7296875 0.05 0.05625
3 0.76875 0.6578125 0.0453125 0.04375
2 0.71015625 0.74375 0.0546875 0.0625
3 0.6921875 0.66953125 0.040625 0.04375
0 0.6625 0.784375 0.053125 0.0640625
3 0.65234375 0.68828125 0.040625 0.046875
3 0.596875 0.7125 0.0375 0.046875
9 0.60546875 0.7890625 0.0390625 0.05
3 0.52734375 0.7109375 0.0328125 0.046875
1 0.55546875 0.8265625 0.0546875 0.0953125
3 0.4890625 0.746875 0.03125 0.0484375
4 0.49296875 0.8484375 0.0515625 0.09375
3 0.41953125 0.78125 0.028125 0.053125
2 0.41015625 0.70390625 0.0328125 0.06875
5 0.384375 0.87734375 0.034375 0.0703125
3 0.3703125 0.7984375 0.028125 0.059375
0 0.57890625 0.56328125 0.05 0.0484375
8 0.69296875 0.446875 0.053125 0.0453125
6 0.62578125 0.37265625 0.053125 0.04375
11 0.56015625 0.384375 0.04375 0.04375
9 0.49921875 0.40390625 0.034375 0.040625
7 0.5015625 0.49765625 0.053125 0.0515625
9 0.71875 0.265625 0.04375 0.0421875
11 0.71015625 0.2015625 0.0515625 0.053125
9 0.65234375 0.2875 0.040625 0.040625
9 0.6 0.31328125 0.0390625 0.0375