3 0.73359375 0.91875 0.0453125 0.04375
3 0.3828125 0.86484375 0.0390625 0.0484375
3 0.125 0.98203125 0.0609375 0.0296875
11 0.11328125 0.7546875 0.065625 0.059375
11 0.39140625 0.75625 0.0453125 0.05625
6 0.46484375 0.72890625 0.040625 0.0625
9 0.53125 0.6953125 0.0375 0.04375
10 0.59921875 0.68125 0.05625 0.078125
7 0.67421875 0.63828125 0.0671875 0.078125
8 0.7453125 0.60078125 0.05625 0.05625
9 0.73359375 0.45078125 0.053125 0.0375
9 0.4953125 0.4296875 0.040625 0.034375
9 0.4296875 0.37109375 0.0421875 0.03125
9 0.31171875 0.33828125 0.0515625 0.0328125
4 0.6 0.45234375 0.0640625 0.053125
0 0.52734375 0.4796875 0.04375 0.040625
5 0.45546875 0.52109375 0.046875 0.04375
2 0.390625 0.55390625 0.0515625 0.05
1 0.31015625 0.5859375 0.075 0.065625
3 0.23984375 0.6234375 0.05 0.0421875