2 0.0171875 0.20546875 0.034375 0.0640625
9 0.0265625 0.0265625 0.025 0.028125
9 0.03515625 0.23828125 0.01875 0.021875
6 0.30390625 0.39296875 0.084375 0.046875
9 0.3296875 0.534375 0.05625 0.0453125
5 0.34609375 0.6296875 0.0671875 0.053125
7 0.38515625 0.6484375 0.1125 0.078125
9 0.40234375 0.509375 0.05625 0.04375
0 0.3515625 0.459375 0.084375 0.046875
2 0.35 0.3265625 0.0734375 0.05
11 0.38359375 0.23203125 0.0671875 0.0625
6 0.4359375 0.19375 0.0796875 0.075
1 0.4203125 0.30234375 0.1140625 0.0796875
9 0.490625 0.5109375 0.053125 0.046875
3 0.521875 0.58359375 0.053125 0.046875
5 0.4796875 0.6625 0.0671875 0.0640625
8 0.48671875 0.8171875 0.0734375 0.0828125
11 0.58828125 0.68203125 0.0640625 0.0625
10 0.5046875 0.42734375 0.09375 0.065625
4 0.5125 0.28046875 0.0953125 0.09375
3 0.58203125 0.4953125 0.0515625 0.05
8 0.628125 0.4078125 0.071875 0.0625