9 0.7421875 0.7546875 0.0640625 0.04375
9 0.52421875 0.65078125 0.04375 0.065625
9 0.4609375 0.59140625 0.046875 0.0640625
9 0.43203125 0.3828125 0.0625 0.0703125
9 0.24453125 0.41328125 0.059375 0.075
8 0.23203125 0.56640625 0.075 0.084375
7 0.565625 0.553125 0.0625 0.140625
3 0.65390625 0.63984375 0.046875 0.065625
3 0.728125 0.659375 0.05 0.059375
3 0.34609375 0.65 0.0421875 0.0625
0 0.45078125 0.49609375 0.0546875 0.1
5 0.3890625 0.54140625 0.059375 0.0765625
6 0.08671875 0.58984375 0.0828125 0.096875