3 0.3921875 0.14921875 0.0703125 0.053125
9 0.1171875 0.109375 0.0640625 0.0359375
9 0.2 0.1578125 0.075 0.0484375
9 0.26953125 0.2328125 0.053125 0.028125
9 0.32421875 0.15625 0.04375 0.0625
11 0.28671875 0.034375 0.065625 0.05
3 0.44375 0.15859375 0.04375 0.0328125
3 0.56484375 0.08203125 0.04375 0.0390625
5 0.621875 0.72890625 0.0328125 0.05
2 0.32734375 0.66875 0.05 0.05
8 0.78125 0.66171875 0.0484375 0.0484375
9 0.4671875 0.67890625 0.0375 0.0375
6 0.3578125 0.35234375 0.0578125 0.0359375
6 0.615625 0.4078125 0.04375 0.0375
8 0.5125 0.346875 0.04375 0.04375
4 0.6046875 0.64453125 0.0453125 0.06875
0 0.78046875 0.57890625 0.0453125 0.0546875
5 0.7515625 0.50546875 0.04375 0.040625
3 0.6578125 0.5234375 0.03125 0.0375
0 0.53046875 0.51640625 0.04375 0.0453125
3 0.74921875 0.3984375 0.040625 0.0328125
2 0.66796875 0.33515625 0.040625 0.0421875
1 0.1890625 0.3640625 0.09375 0.046875