3 0.9375 0.19765625 0.0640625 0.05625
11 0.815625 0.30703125 0.07109375 0.06640625
6 0.70234375 0.29765625 0.059375 0.0765625
9 0.603125 0.30390625 0.0484375 0.05390625
10 0.51171875 0.28125 0.05703125 0.10234375
7 0.39609375 0.290625 0.0765625 0.10703125
8 0.29765625 0.29765625 0.0703125 0.075
9 0.17578125 0.45078125 0.06953125 0.05
4 0.2859375 0.5140625 0.103125 0.07265625
0 0.39453125 0.521875 0.06640625 0.053125
5 0.509375 0.51875 0.05390625 0.0515625
2 0.6046875 0.51640625 0.0546875 0.06015625
1 0.721875 0.525 0.08984375 0.0703125
3 0.85078125 0.52578125 0.06875 0.04375
9 0.38046875 0.590625 0.05546875 0.04140625
9 0.3875 0.6875 0.0609375 0.03984375
9 0.47421875 0.7890625 0.0546875 0.0453125