3 0.20703125 0.40546875 0.05 0.046875
3 0.63125 0.625 0.034375 0.0515625
9 0.40546875 0.73203125 0.046875 0.053125
9 0.6078125 0.31171875 0.040625 0.05625
9 0.4 0.1453125 0.040625 0.0625
9 0.1828125 0.25703125 0.053125 0.0546875
2 0.44765625 0.1921875 0.046875 0.08125
2 0.384375 0.325 0.05625 0.071875
8 0.54765625 0.52734375 0.053125 0.05
11 0.50625 0.24765625 0.0421875 0.075
6 0.32265625 0.19765625 0.0609375 0.084375
6 0.36796875 0.56640625 0.059375 0.046875
10 0.52890625 0.4390625 0.0625 0.071875
7 0.50546875 0.61796875 0.0625 0.053125
0 0.4390625 0.4921875 0.05625 0.0546875
0 0.30625 0.45703125 0.071875 0.0515625
5 0.290625 0.3203125 0.059375 0.05625
5 0.48203125 0.340625 0.04375 0.065625