5 0.38359375 0.17734375 0.046875 0.05625
5 0.23203125 0.59140625 0.05 0.0359375
2 0.625 0.35 0.0453125 0.046875
2 0.28984375 0.6875 0.0578125 0.040625
0 0.25625 0.46875 0.0625 0.0375
0 0.5359375 0.5546875 0.0453125 0.040625
4 0.49375 0.32421875 0.0625 0.0671875
3 0.39296875 0.25390625 0.0375 0.04375
3 0.390625 0.33515625 0.0375 0.0390625
3 0.50546875 0.44453125 0.0359375 0.0375
3 0.32890625 0.45703125 0.0421875 0.034375
3 0.4171875 0.5328125 0.0375 0.0375
3 0.37734375 0.60078125 0.040625 0.0328125
3 0.30625 0.52109375 0.0421875 0.034375
3 0.28828125 0.565625 0.040625 0.03125
8 0.36953125 0.49453125 0.05625 0.04375
6 0.46640625 0.68828125 0.053125 0.046875
6 0.675 0.56484375 0.0375 0.04375
11 0.7578125 0.41484375 0.0375 0.05
11 0.51171875 0.91484375 0.0453125 0.059375
7 0.63359375 0.6421875 0.053125 0.0515625
10 0.465625 0.23203125 0.065625 0.075
9 0.6796875 0.38984375 0.034375 0.04375
9 0.6578125 0.4546875 0.0359375 0.040625
9 0.6140625 0.51796875 0.0375 0.034375
9 0.58671875 0.59453125 0.034375 0.0375
9 0.47265625 0.57265625 0.0375 0.034375
9 0.546875 0.67734375 0.034375 0.04375
9 0.40546875 0.7125 0.0375 0.0375
9 0.3484375 0.6765625 0.040625 0.0359375
1 0.43359375 0.46171875 0.0734375 0.053125
8 0.53515625 0.85625 0.046875 0.0625