6 0.21796875 0.18515625 0.0734375 0.0640625
3 0.221875 0.403125 0.05 0.0375
8 0.2671875 0.26171875 0.065625 0.05625
9 0.30390625 0.4296875 0.053125 0.0421875
11 0.27421875 0.5328125 0.0609375 0.046875
3 0.3171875 0.61875 0.053125 0.04375
3 0.32109375 0.6890625 0.05 0.04375
9 0.3859375 0.61015625 0.05 0.04375
7 0.43828125 0.71015625 0.11875 0.0953125
3 0.44921875 0.60625 0.0453125 0.040625
0 0.440625 0.53984375 0.065625 0.046875
5 0.32578125 0.3390625 0.059375 0.0546875
9 0.3921875 0.271875 0.046875 0.0515625
3 0.396875 0.16171875 0.0484375 0.053125
9 0.45234375 0.16875 0.046875 0.05625
10 0.55546875 0.6125 0.121875 0.090625
6 0.62890625 0.53125 0.05 0.053125
9 0.5734375 0.2359375 0.04375 0.0625
8 0.5171875 0.12109375 0.05625 0.090625
5 0.66953125 0.1140625 0.046875 0.08125
3 0.65390625 0.8546875 0.0421875 0.0625