3 0.73046875 0.3796875 0.03359375 0.02265625
5 0.80546875 0.3125 0.04140625 0.07734375
8 0.72578125 0.30234375 0.05625 0.12109375
11 0.5 0.60625 0.06640625 0.12578125
9 0.53359375 0.5296875 0.05078125 0.10234375
9 0.634375 0.496875 0.03125 0.103125
9 0.71328125 0.07578125 0.0296875 0.06484375
3 0.85078125 0.1109375 0.034375 0.08125
0 0.653125 0.3078125 0.0484375 0.13828125
4 0.5578125 0.43359375 0.0796875 0.1828125
1 0.6203125 0.35234375 0.07109375 0.2046875
10 0.74296875 0.4953125 0.08125 0.21953125
7 0.67109375 0.56796875 0.09140625 0.240625
2 0.80234375 0.41171875 0.06328125 0.13828125
3 0.58046875 0.56484375 0.0515625 0.1015625
8 0.59765625 0.6703125 0.0765625 0.15078125