11 0.93671875 0.0515625 0.071875 0.02734375
11 0.3703125 0.3984375 0.05546875 0.0640625
9 0.8671875 0.4390625 0.065625 0.05390625
9 0.4421875 0.796875 0.06484375 0.05703125
9 0.25546875 0.5171875 0.05546875 0.05859375
9 0.40703125 0.32578125 0.03984375 0.05703125
6 0.334375 0.57734375 0.06015625 0.08515625
6 0.734375 0.471875 0.07109375 0.0796875
3 0.67265625 0.29140625 0.046875 0.05546875
3 0.64140625 0.709375 0.0625 0.05390625
5 0.496875 0.6 0.053125 0.06484375
5 0.4671875 0.40859375 0.0609375 0.0625
0 0.64921875 0.546875 0.06796875 0.08046875
0 0.628125 0.42109375 0.0609375 0.0796875
2 0.48125 0.49453125 0.06796875 0.07265625
2 0.3140625 0.45546875 0.05625 0.06875
10 0.55703125 0.34296875 0.07421875 0.1078125
7 0.72109375 0.3421875 0.09296875 0.11484375
8 0.62109375 0.3375 0.06875 0.07265625