3 0.4859375 0.30390625 0.040625 0.0546875
9 0.5671875 0.3015625 0.040625 0.0546875
6 0.3953125 0.34140625 0.04375 0.0828125
1 0.37421875 0.37421875 0.065625 0.11875
10 0.365625 0.4296875 0.071875 0.10625
2 0.3625 0.51015625 0.06875 0.06875
9 0.36484375 0.60625 0.053125 0.059375
3 0.3484375 0.66796875 0.059375 0.059375
3 0.46953125 0.34765625 0.03125 0.05
6 0.4875 0.36484375 0.046875 0.040625
4 0.4765625 0.43671875 0.059375 0.1078125
2 0.48359375 0.51171875 0.05625 0.075
3 0.459375 0.59140625 0.05 0.05625
8 0.45078125 0.67421875 0.065625 0.0828125
3 0.5671875 0.3421875 0.040625 0.053125
11 0.5734375 0.36953125 0.0359375 0.0125
7 0.56640625 0.43125 0.059375 0.11875
5 0.57109375 0.51484375 0.05625 0.0640625
8 0.571875 0.5734375 0.05625 0.0796875
9 0.590625 0.6921875 0.0578125 0.0625
3 0.63046875 0.3515625 0.04375 0.05625