11 0.65703125 0.28671875 0.0734375 0.0859375
4 0.66328125 0.3859375 0.07421875 0.16484375
0 0.6296875 0.63671875 0.09765625 0.12109375
5 0.2890625 0.61953125 0.1046875 0.0953125
2 0.278125 0.4890625 0.11171875 0.1140625
3 0.41796875 0.50703125 0.08671875 0.07421875
3 0.57421875 0.34296875 0.065625 0.084375
1 0.61953125 0.48046875 0.109375 0.16640625
8 0.48359375 0.2625 0.06640625 0.11484375
8 0.46875 0.68046875 0.11796875 0.10234375
9 0.51953125 0.41015625 0.065625 0.09453125
7 0.40859375 0.2703125 0.10625 0.18828125
10 0.3375 0.3421875 0.11328125 0.16640625