5 0.81171875 0.33828125 0.04453125 0.05234375
2 0.80625 0.37578125 0.04921875 0.0578125
0 0.8078125 0.4125 0.05078125 0.06640625
1 0.82109375 0.46171875 0.07265625 0.0796875
4 0.790625 0.525 0.078125 0.078125
0 0.79921875 0.5828125 0.06171875 0.06015625
2 0.79765625 0.6640625 0.07421875 0.05390625
5 0.77734375 0.725 0.06640625 0.0515625
3 0.678125 0.7015625 0.05390625 0.04453125
3 0.703125 0.64765625 0.05234375 0.04296875
3 0.68984375 0.57421875 0.04453125 0.04375
3 0.7078125 0.52421875 0.04296875 0.04375
3 0.70546875 0.46953125 0.04140625 0.04375
3 0.7328125 0.42578125 0.04453125 0.04375
3 0.7265625 0.36875 0.0359375 0.04453125
3 0.7203125 0.33671875 0.03359375 0.04296875
11 0.31953125 0.296875 0.04453125 0.053125
8 0.28984375 0.33671875 0.05078125 0.053125
6 0.2734375 0.37265625 0.0515625 0.06640625
7 0.246875 0.396875 0.07109375 0.0890625
10 0.215625 0.45625 0.0765625 0.078125
6 0.19375 0.5109375 0.0671875 0.0578125
8 0.1578125 0.57578125 0.07734375 0.04921875
11 0.13671875 0.640625 0.06796875 0.05078125
9 0.23046875 0.64921875 0.053125 0.04453125
9 0.25 0.5984375 0.05234375 0.04140625
9 0.275 0.53515625 0.0453125 0.04453125
9 0.309375 0.47890625 0.04375 0.04296875
9 0.3265625 0.42734375 0.04453125 0.04375
9 0.3453125 0.390625 0.0421875 0.0421875
9 0.36640625 0.3484375 0.03984375 0.04375
9 0.37890625 0.30859375 0.03984375 0.04375