7 0.67265625 0.2265625 0.10625 0.078125
7 0.68984375 0.49296875 0.05 0.034375
0 0.25703125 0.675 0.071875 0.071875
3 0.3484375 0.46796875 0.0515625 0.05
3 0.64296875 0.54375 0.05 0.034375
3 0.653125 0.48515625 0.05 0.034375
3 0.64609375 0.3984375 0.0515625 0.0421875
3 0.6921875 0.41484375 0.05 0.034375
6 0.48671875 0.6796875 0.078125 0.05625
6 0.6578125 0.31953125 0.075 0.0453125
10 0.5734375 0.28203125 0.1 0.071875
7 0.4109375 0.2671875 0.053125 0.059375
7 0.47890625 0.37109375 0.0515625 0.0453125
2 0.64140625 0.66171875 0.06875 0.05
2 0.49609375 0.27265625 0.0609375 0.071875
8 0.4 0.68984375 0.075 0.0546875
5 0.41015625 0.56796875 0.0625 0.059375
11 0.6015625 0.48515625 0.0625 0.046875
8 0.34921875 0.33671875 0.075 0.0734375
4 0.50625 0.48359375 0.1 0.059375
1 0.565625 0.5734375 0.109375 0.0625
3 0.3546875 0.2453125 0.05625 0.059375