8 0.78984375 0.440625 0.1203125 0.090625
2 0.67421875 0.1515625 0.075 0.1015625
6 0.321875 0.16171875 0.0765625 0.125
0 0.484375 0.10625 0.0609375 0.125
4 0.5578125 0.1859375 0.084375 0.15625
5 0.25703125 0.28671875 0.0828125 0.096875
1 0.42890625 0.28203125 0.0859375 0.159375
11 0.72421875 0.25703125 0.0875 0.0921875
9 0.59453125 0.2765625 0.0640625 0.08125
3 0.671875 0.3375 0.06875 0.0734375
3 0.5359375 0.35859375 0.0609375 0.0734375
6 0.2296875 0.43359375 0.10625 0.1015625
7 0.4078125 0.434375 0.09375 0.1390625
10 0.58203125 0.4546875 0.1 0.125
9 0.67265625 0.41015625 0.0734375 0.071875