3 0.928125 0.62890625 0.03125 0.0640625
6 0.82890625 0.490625 0.0703125 0.0390625
0 0.76953125 0.36015625 0.06875 0.04375
6 0.67265625 0.1484375 0.065625 0.0703125
11 0.7890625 0.559375 0.059375 0.0390625
1 0.7203125 0.52109375 0.09375 0.046875
11 0.65 0.284375 0.05625 0.05625
4 0.565625 0.11796875 0.06875 0.0984375
3 0.70703125 0.65859375 0.05 0.0375
3 0.53828125 0.51484375 0.0421875 0.040625
3 0.54375 0.6234375 0.04375 0.040625
3 0.38828125 0.2203125 0.034375 0.0515625
3 0.3609375 0.34453125 0.034375 0.05
3 0.51875 0.87890625 0.0375 0.0515625
5 0.53984375 0.38828125 0.05 0.053125
9 0.45859375 0.2328125 0.040625 0.059375
9 0.4625 0.48125 0.034375 0.04375
9 0.3765625 0.6703125 0.034375 0.046875
9 0.39765625 0.5515625 0.034375 0.040625
10 0.62265625 0.7734375 0.071875 0.075
2 0.31796875 0.48984375 0.0421875 0.05
2 0.26171875 0.3328125 0.04375 0.059375
8 0.4625 0.7875 0.053125 0.0625