9 0.865625 0.64453125 0.059375 0.05
9 0.1625 0.7453125 0.0359375 0.0515625
3 0.2296875 0.75078125 0.0359375 0.04375
3 0.20703125 0.7234375 0.034375 0.05
6 0.18984375 0.659375 0.053125 0.0875
8 0.27421875 0.6171875 0.05 0.0765625
9 0.17109375 0.515625 0.05 0.0671875
9 0.2796875 0.4546875 0.053125 0.065625
9 0.45625 0.58828125 0.03125 0.0625
9 0.5625 0.615625 0.040625 0.053125
7 0.48359375 0.5484375 0.0578125 0.1359375
3 0.421875 0.65078125 0.0359375 0.053125
3 0.66796875 0.58046875 0.04375 0.0609375
3 0.74921875 0.57734375 0.046875 0.05625
5 0.3671875 0.57109375 0.05 0.0703125
0 0.37265625 0.53203125 0.05625 0.09375