4 0.6140625 0.5359375 0.1078125 0.0640625
3 0.7125 0.02265625 0.04375 0.0453125
3 0.78046875 0.05625 0.040625 0.05625
5 0.71796875 0.36015625 0.0625 0.040625
5 0.6 0.40859375 0.071875 0.053125
2 0.6640625 0.67109375 0.075 0.059375
2 0.609375 0.2734375 0.071875 0.0578125
3 0.66171875 0.4140625 0.05 0.0390625
3 0.7203125 0.54453125 0.0546875 0.034375
0 0.5265625 0.3828125 0.0875 0.0609375
10 0.65078125 0.753125 0.1046875 0.078125
6 0.50234375 0.1578125 0.084375 0.075
6 0.5265625 0.5296875 0.0875 0.05625
8 0.7078125 0.48203125 0.071875 0.046875
9 0.63203125 0.59765625 0.059375 0.040625
8 0.5140625 0.68671875 0.075 0.06875
11 0.36328125 0.78515625 0.06875 0.08125
9 0.9203125 0.06328125 0.0484375 0.040625
7 0.721875 0.059375 0.0875 0.0875
1 0.453125 0.5234375 0.115625 0.06875
9 0.69453125 0.58203125 0.053125 0.0375