9 0.390625 0.36015625 0.0359375 0.05390625
10 0.321875 0.35859375 0.05546875 0.1171875
4 0.359375 0.39140625 0.05703125 0.1203125
8 0.453125 0.390625 0.04609375 0.07421875
7 0.63125 0.35 0.05859375 0.1265625
9 0.76875 0.44765625 0.05390625 0.06328125
6 0.84375 0.471875 0.07109375 0.10078125
11 0.93984375 0.5359375 0.08046875 0.084375
0 0.40859375 0.43515625 0.0515625 0.09609375
5 0.4703125 0.4890625 0.05078125 0.07890625
2 0.52578125 0.52734375 0.0578125 0.090625
1 0.58359375 0.55703125 0.07265625 0.1578125
3 0.69921875 0.6671875 0.0671875 0.08125
9 0.33046875 0.46875 0.04765625 0.06640625
9 0.22265625 0.5078125 0.06171875 0.06953125
9 0.1296875 0.5890625 0.0734375 0.0703125