9 0.3546875 0.16953125 0.034375 0.0203125
3 0.46171875 0.12734375 0.0203125 0.01328125
9 0.28359375 0.3578125 0.03046875 0.03203125
6 0.4046875 0.3203125 0.03203125 0.0484375
9 0.4546875 0.3078125 0.02421875 0.03125
2 0.49609375 0.3140625 0.025 0.0421875
11 0.546875 0.32109375 0.0265625 0.03046875
5 0.540625 0.35390625 0.028125 0.0390625
9 0.6234375 0.3359375 0.02578125 0.03359375
2 0.46171875 0.3578125 0.03125 0.04375
3 0.3171875 0.403125 0.03046875 0.0328125
5 0.38671875 0.36484375 0.03203125 0.0390625
0 0.41640625 0.4015625 0.0328125 0.0484375
0 0.52421875 0.39921875 0.0296875 0.04921875
10 0.58984375 0.3671875 0.03125 0.06171875
6 0.4765625 0.43125 0.03203125 0.0484375
7 0.5953125 0.4234375 0.03515625 0.06640625
8 0.61484375 0.39921875 0.02890625 0.04609375
3 0.6875 0.4265625 0.02734375 0.034375
9 0.52265625 0.49296875 0.02890625 0.03359375