9 0.2453125 0.7421875 0.04375 0.0640625
9 0.34921875 0.52421875 0.065625 0.04375
9 0.40859375 0.4609375 0.0640625 0.046875
9 0.6171875 0.43203125 0.0703125 0.0625
9 0.58671875 0.24453125 0.075 0.059375
8 0.43359375 0.23203125 0.084375 0.075
7 0.446875 0.565625 0.140625 0.0625
3 0.36015625 0.65390625 0.065625 0.046875
3 0.340625 0.728125 0.059375 0.05
3 0.35 0.34609375 0.0625 0.0421875
0 0.50390625 0.45078125 0.1 0.0546875
5 0.45859375 0.3890625 0.0765625 0.059375
6 0.41015625 0.08671875 0.096875 0.0828125