6 0.09140625 0.4484375 0.08125 0.034375
11 0.1734375 0.6375 0.059375 0.021875
9 0.24921875 0.8640625 0.05 0.0546875
3 0.23125 0.6921875 0.05 0.046875
9 0.27421875 0.64765625 0.053125 0.03125
6 0.30546875 0.60625 0.075 0.053125
1 0.17890625 0.61015625 0.109375 0.0609375
4 0.21875 0.5578125 0.1015625 0.0546875
2 0.13359375 0.396875 0.071875 0.0390625
3 0.24296875 0.3796875 0.053125 0.0375
3 0.31171875 0.21796875 0.053125 0.0484375
3 0.2953125 0.534375 0.053125 0.0375
0 0.3234375 0.496875 0.075 0.04375
7 0.365625 0.4578125 0.1015625 0.053125
5 0.4359375 0.39921875 0.059375 0.05
9 0.365625 0.5734375 0.046875 0.03125
10 0.4 0.54375 0.084375 0.06875
2 0.46640625 0.4953125 0.0625 0.0515625
5 0.634375 0.70859375 0.053125 0.06875