3 0.671875 0.35703125 0.0484375 0.040625
9 0.6734375 0.43359375 0.0484375 0.0375
8 0.675 0.57421875 0.065625 0.04375
1 0.65078125 0.6875 0.096875 0.0671875
3 0.621875 0.75859375 0.046875 0.0453125
10 0.58671875 0.77890625 0.0875 0.078125
9 0.61875 0.59453125 0.046875 0.0375
0 0.571875 0.59765625 0.06875 0.04375
3 0.63046875 0.43125 0.046875 0.0375
3 0.62265625 0.3421875 0.04375 0.0484375
6 0.62890625 0.265625 0.06875 0.0546875
4 0.5875 0.14453125 0.0875 0.0890625
9 0.5703125 0.26328125 0.046875 0.046875
6 0.58046875 0.35 0.06875 0.05
9 0.51484375 0.2375 0.0484375 0.0484375
3 0.44609375 0.23125 0.04375 0.053125
2 0.4609375 0.33671875 0.0609375 0.0609375
5 0.45625 0.41875 0.0546875 0.05
3 0.62109375 0.4875 0.046875 0.0375
3 0.5671875 0.51640625 0.046875 0.0390625
11 0.5734375 0.4296875 0.0578125 0.0453125
5 0.528125 0.52890625 0.05625 0.0453125
9 0.51484375 0.60625 0.046875 0.040625
11 0.51328125 0.6859375 0.053125 0.053125
9 0.3828125 0.23671875 0.046875 0.059375
8 0.40390625 0.41015625 0.0625 0.0546875
9 0.46484375 0.60390625 0.046875 0.040625
0 0.45 0.7875 0.0625 0.065625
3 0.31484375 0.21015625 0.0453125 0.0625
2 0.3125 0.3078125 0.053125 0.075
9 0.296875 0.4203125 0.0484375 0.0515625
7 0.296875 0.81640625 0.075 0.1