0 0.95 0.16796875 0.05859375 0.02578125
4 0.7609375 0.17734375 0.034375 0.04765625
3 0.69765625 0.1875 0.03671875 0.03046875
3 0.59765625 0.21484375 0.028125 0.02734375
1 0.734375 0.26015625 0.12265625 0.04453125
3 0.84140625 0.30078125 0.04296875 0.0328125
11 0.765625 0.346875 0.05078125 0.059375
6 0.6796875 0.3359375 0.04375 0.0765625
9 0.60234375 0.346875 0.03828125 0.04921875
10 0.53203125 0.32109375 0.04453125 0.1
7 0.44609375 0.32265625 0.046875 0.10859375
8 0.36796875 0.3390625 0.04453125 0.0671875
9 0.25546875 0.42265625 0.04765625 0.05390625
9 0.42421875 0.50625 0.04453125 0.05625
9 0.4234375 0.578125 0.05078125 0.06015625
9 0.50078125 0.65859375 0.053125 0.0625