11 0.7328125 0.60390625 0.065625 0.040625
6 0.70625 0.68671875 0.08125 0.05625
6 0.73203125 0.4140625 0.08125 0.0515625
2 0.71953125 0.50703125 0.06875 0.046875
1 0.67265625 0.61171875 0.1046875 0.0625
4 0.61015625 0.709375 0.0921875 0.084375
0 0.659375 0.41328125 0.078125 0.05
9 0.64296875 0.31484375 0.0546875 0.0546875
9 0.52265625 0.5109375 0.046875 0.046875
9 0.5921875 0.41953125 0.053125 0.05
5 0.58046875 0.2546875 0.059375 0.059375
7 0.53828125 0.309375 0.0828125 0.0921875
10 0.55 0.60625 0.0828125 0.065625
8 0.47109375 0.7203125 0.065625 0.0625
3 0.46171875 0.61328125 0.046875 0.0484375
3 0.4625 0.48984375 0.04375 0.046875
5 0.45625 0.3875 0.05625 0.0609375
8 0.371875 0.2828125 0.05625 0.071875
11 0.3640625 0.49140625 0.053125 0.05625