5 0.184375 0.80625 0.0671875 0.071875
3 0.26484375 0.7546875 0.05 0.0625
3 0.36015625 0.7203125 0.046875 0.059375
4 0.5671875 0.8125 0.0640625 0.109375
3 0.5671875 0.73125 0.05 0.059375
0 0.65234375 0.81796875 0.0515625 0.0875
3 0.67265625 0.72890625 0.05 0.059375
2 0.74765625 0.80078125 0.05625 0.08125
3 0.7515625 0.7265625 0.053125 0.05625
5 0.84765625 0.78828125 0.0640625 0.071875
10 0.1546875 0.68203125 0.09375 0.103125
8 0.56796875 0.659375 0.0640625 0.071875
1 0.45 0.60234375 0.071875 0.10625
3 0.3625 0.5234375 0.0546875 0.05625
3 0.565625 0.584375 0.053125 0.0578125
3 0.69296875 0.58984375 0.05 0.059375
9 0.821875 0.58828125 0.0609375 0.059375
9 0.54921875 0.4953125 0.05 0.053125
9 0.80546875 0.5046875 0.05625 0.053125
2 0.1171875 0.43671875 0.0796875 0.06875
0 0.45703125 0.42734375 0.0625 0.06875
8 0.9375 0.428125 0.0859375 0.0625
9 0.92578125 0.35859375 0.06875 0.053125
9 0.6828125 0.35625 0.0578125 0.05
9 0.3265625 0.35625 0.059375 0.0515625
9 0.253125 0.33828125 0.059375 0.05
9 0.0890625 0.3515625 0.071875 0.05
11 0.0765625 0.26484375 0.0875 0.05625
6 0.3078125 0.26640625 0.06875 0.0640625
7 0.409375 0.26171875 0.084375 0.078125
6 0.6890625 0.2625 0.071875 0.0625
11 0.94140625 0.28046875 0.084375 0.0625