3 0.846875 0.02890625 0.03515625 0.04453125
9 0.434375 0.01640625 0.03125 0.0328125
5 0.5859375 0.296875 0.0375 0.0546875
3 0.36640625 0.2953125 0.03671875 0.0453125
2 0.66484375 0.31328125 0.03125 0.059375
5 0.9046875 0.3125 0.05546875 0.05546875
7 0.56484375 0.32734375 0.04453125 0.09375
10 0.63984375 0.34921875 0.053125 0.084375
0 0.53203125 0.3875 0.04296875 0.06484375
3 0.35859375 0.40078125 0.04375 0.0421875
9 0.60234375 0.409375 0.03828125 0.04296875
3 0.509375 0.4390625 0.03671875 0.0421875
6 0.57421875 0.45234375 0.04140625 0.05703125
4 0.44765625 0.47890625 0.0625 0.07421875
2 0.20390625 0.48046875 0.07109375 0.05546875
9 0.5453125 0.5125 0.0390625 0.03984375
1 0.428125 0.5375 0.06640625 0.07421875
6 0.16171875 0.54453125 0.07578125 0.05546875
3 0.525 0.58203125 0.04453125 0.040625
11 0.403125 0.590625 0.0515625 0.0484375
9 0.67578125 0.68515625 0.046875 0.03828125