11 0.8359375 0.65859375 0.046875 0.034375
9 0.80625 0.60703125 0.04375 0.03125
9 0.8421875 0.740625 0.0375 0.0296875
3 0.81015625 0.7796875 0.040625 0.03125
9 0.81328125 0.84453125 0.040625 0.034375
9 0.82421875 0.90078125 0.0375 0.034375
9 0.78515625 0.896875 0.040625 0.0375
3 0.73828125 0.94609375 0.040625 0.0453125
3 0.7109375 0.88125 0.0453125 0.04375
3 0.72265625 0.765625 0.0453125 0.0390625
11 0.79140625 0.74609375 0.0375 0.034375
3 0.7515625 0.72734375 0.0453125 0.034375
9 0.75078125 0.60859375 0.046875 0.034375
6 0.71328125 0.57578125 0.0765625 0.0375
8 0.6640625 0.69140625 0.0671875 0.053125
6 0.60703125 0.7234375 0.08125 0.059375
2 0.61640625 0.821875 0.06875 0.05625
1 0.76953125 0.4671875 0.103125 0.040625
5 0.659375 0.4734375 0.0609375 0.040625
3 0.54453125 0.846875 0.053125 0.05625
0 0.5890625 0.5421875 0.084375 0.046875
3 0.5109375 0.646875 0.05625 0.0484375
5 0.49453125 0.7671875 0.0546875 0.06875
0 0.4234375 0.72734375 0.0890625 0.0703125
4 0.48125 0.45703125 0.1125 0.059375
9 0.50234375 0.24375 0.059375 0.0546875
2 0.6296875 0.134375 0.06875 0.0578125
8 0.32890625 0.61640625 0.084375 0.071875