11 0.48125 0.2234375 0.03046875 0.05390625
10 0.47109375 0.25625 0.03828125 0.09609375
9 0.52890625 0.24609375 0.03203125 0.046875
3 0.63046875 0.34609375 0.0375 0.05
3 0.8390625 0.36875 0.04765625 0.05
5 0.90625 0.39765625 0.059375 0.0609375
2 0.84609375 0.42421875 0.07109375 0.05
3 0.76640625 0.409375 0.04609375 0.0515625
0 0.8203125 0.47265625 0.06875 0.0765625
3 0.73125 0.4375 0.0453125 0.0515625
3 0.684375 0.47734375 0.04765625 0.05390625
9 0.75703125 0.5140625 0.05390625 0.05390625
4 0.6359375 0.596875 0.07265625 0.09609375
9 0.5375 0.35078125 0.03515625 0.05
0 0.55390625 0.40234375 0.046875 0.0765625
9 0.4375 0.35234375 0.03984375 0.05
7 0.40234375 0.3890625 0.05390625 0.1078125
11 0.3140625 0.3015625 0.0453125 0.059375
6 0.1984375 0.34375 0.05390625 0.07578125
9 0.24921875 0.3890625 0.04296875 0.05078125
9 0.546875 0.47734375 0.040625 0.05078125
3 0.565625 0.57265625 0.04375 0.053125
6 0.44765625 0.4765625 0.04453125 0.07578125
2 0.43671875 0.5609375 0.04765625 0.071875
3 0.50625 0.61640625 0.046875 0.0515625
5 0.49609375 0.71640625 0.06015625 0.06875
8 0.35 0.43671875 0.04921875 0.05703125
1 0.34921875 0.496875 0.0640625 0.1078125
9 0.17734375 0.415625 0.046875 0.05078125
9 0.12421875 0.44296875 0.05390625 0.053125
8 0.24375 0.43984375 0.05859375 0.0703125
3 0.2296875 0.51875 0.04765625 0.05546875