8 0.51640625 0.734375 0.04375 0.06875
7 0.45234375 0.73515625 0.046875 0.11875
10 0.36875 0.71171875 0.0609375 0.109375
9 0.3078125 0.6625 0.04375 0.05625
6 0.2328125 0.65 0.0578125 0.0859375
11 0.1421875 0.61015625 0.0609375 0.06875
9 0.69296875 0.69765625 0.021875 0.053125
4 0.66640625 0.66171875 0.065625 0.109375
0 0.60234375 0.62734375 0.046875 0.0875
5 0.5234375 0.5890625 0.040625 0.06875
2 0.4546875 0.5640625 0.046875 0.0796875
1 0.3734375 0.5484375 0.0671875 0.1296875
3 0.25625 0.48046875 0.059375 0.065625
9 0.659375 0.5859375 0.04375 0.0609375
9 0.73046875 0.53515625 0.053125 0.0640625
9 0.75703125 0.45078125 0.05625 0.0609375