9 0.465625 0.8265625 0.0421875 0.0625
11 0.24140625 0.72734375 0.0625 0.08125
1 0.28359375 0.7375 0.0796875 0.15
3 0.38203125 0.74375 0.046875 0.065625
4 0.34375 0.68515625 0.0875 0.1375
9 0.4515625 0.7 0.0515625 0.06875
2 0.03359375 0.57265625 0.0671875 0.08125
3 0.27734375 0.51484375 0.06875 0.0703125
6 0.52421875 0.68203125 0.05625 0.10625
3 0.46171875 0.62109375 0.053125 0.065625
0 0.53046875 0.5984375 0.0609375 0.1046875
9 0.60625 0.62265625 0.0515625 0.06875
10 0.71640625 0.6171875 0.0890625 0.140625
7 0.6390625 0.56953125 0.0875 0.15
2 0.81640625 0.5484375 0.09375 0.096875
5 0.73203125 0.47578125 0.084375 0.0859375
3 0.37421875 0.328125 0.0671875 0.075