5 0.74296875 0.31171875 0.05625 0.05
4 0.66796875 0.278125 0.09375 0.0828125
3 0.53359375 0.29375 0.053125 0.046875
3 0.70390625 0.3296875 0.05625 0.040625
3 0.6609375 0.3359375 0.053125 0.040625
3 0.6046875 0.31796875 0.05625 0.046875
0 0.47265625 0.22265625 0.071875 0.075
3 0.46484375 0.28125 0.05625 0.0484375
5 0.33125 0.2046875 0.065625 0.065625
3 0.40546875 0.26484375 0.05625 0.05
3 0.3875 0.30859375 0.059375 0.05625
2 0.3109375 0.27890625 0.0765625 0.078125
2 0.73515625 0.37734375 0.071875 0.05625
3 0.56875 0.390625 0.0625 0.05
8 0.41640625 0.39609375 0.0875 0.075
9 0.825 0.47890625 0.065625 0.0421875
8 0.78125 0.46953125 0.084375 0.053125
10 0.6671875 0.44375 0.1234375 0.0828125
11 0.5703125 0.43671875 0.075 0.0578125
6 0.51171875 0.47421875 0.09375 0.075
11 0.58359375 0.4984375 0.084375 0.059375
0 0.67734375 0.50078125 0.103125 0.065625
9 0.7953125 0.528125 0.06875 0.04375
9 0.51640625 0.534375 0.071875 0.04375
9 0.43359375 0.5390625 0.0734375 0.05625
9 0.30625 0.52734375 0.071875 0.0609375
9 0.75625 0.5703125 0.071875 0.04375
9 0.87734375 0.58828125 0.059375 0.0421875
9 0.8296875 0.58984375 0.0625 0.04375
6 0.8046875 0.6390625 0.115625 0.059375
7 0.7453125 0.6125 0.1578125 0.0875
1 0.4796875 0.5875 0.146875 0.1109375