11 0.7515625 0.321875 0.053125 0.0578125
6 0.6578125 0.315625 0.0453125 0.06875
9 0.5765625 0.3234375 0.03984375 0.046875
10 0.49765625 0.30390625 0.05078125 0.08828125
7 0.403125 0.31171875 0.06328125 0.09375
8 0.321875 0.321875 0.05703125 0.065625
9 0.21953125 0.44453125 0.05625 0.0453125
9 0.3890625 0.55546875 0.046875 0.04140625
9 0.39453125 0.6359375 0.05234375 0.0390625
9 0.46796875 0.72109375 0.046875 0.03671875
4 0.3109375 0.48984375 0.08515625 0.07109375
0 0.40078125 0.496875 0.05625 0.05546875
5 0.49921875 0.4953125 0.0484375 0.05
2 0.578125 0.49140625 0.04609375 0.0578125
1 0.6734375 0.49296875 0.06484375 0.075
3 0.78515625 0.496875 0.05234375 0.04296875
3 0.86796875 0.76953125 0.034375 0.0265625