1 0.7671875 0.23046875 0.06875 0.1078125
4 0.93828125 0.278125 0.090625 0.096875
3 0.09921875 0.45625 0.0625 0.0484375
2 0.23203125 0.44296875 0.0734375 0.0625
9 0.43515625 0.39453125 0.0421875 0.053125
10 0.49609375 0.409375 0.053125 0.09375
5 0.3671875 0.43671875 0.0546875 0.059375
2 0.41640625 0.478125 0.065625 0.0578125
0 0.35390625 0.51796875 0.0609375 0.06875
6 0.4984375 0.51328125 0.05 0.065625
8 0.6421875 0.50703125 0.05625 0.065625
7 0.7859375 0.475 0.090625 0.1
6 0.41484375 0.77421875 0.0609375 0.053125
11 0.74140625 0.65703125 0.065625 0.053125