6 0.80703125 0.27265625 0.06875 0.08125
6 0.72890625 0.32578125 0.06484375 0.07890625
9 0.6421875 0.34296875 0.05 0.0546875
9 0.5484375 0.334375 0.046875 0.05234375
0 0.4484375 0.275 0.04453125 0.0828125
3 0.2828125 0.34609375 0.04765625 0.0546875
2 0.2734375 0.39765625 0.05625 0.0734375
2 0.46953125 0.3984375 0.05234375 0.0625
3 0.453125 0.34453125 0.0390625 0.05390625
7 0.36953125 0.37109375 0.05625 0.1140625
3 0.56328125 0.39375 0.040625 0.053125
1 0.5859375 0.4234375 0.08125 0.10625
11 0.67265625 0.45078125 0.06484375 0.06328125
11 0.871875 0.4390625 0.07265625 0.06484375
3 0.9140625 0.51015625 0.06796875 0.05078125
5 0.47265625 0.4546875 0.0515625 0.06015625
5 0.60546875 0.5328125 0.06796875 0.0625
8 0.3875 0.45 0.05390625 0.07109375
8 0.37265625 0.5984375 0.06640625 0.065625
9 0.24609375 0.471875 0.04453125 0.0625
10 0.271875 0.5109375 0.08046875 0.0921875
4 0.3859375 0.5140625 0.06171875 0.0921875
0 0.48203125 0.5203125 0.0515625 0.07109375
9 0.59765625 0.603125 0.05859375 0.05078125
9 0.47890625 0.590625 0.0484375 0.05234375
9 0.50390625 0.68671875 0.05390625 0.053125