6 0.46015625 0.11171875 0.04375 0.071875
1 0.53515625 0.203125 0.053125 0.0984375
10 0.81171875 0.246875 0.078125 0.084375
3 0.94453125 0.325 0.05625 0.046875
3 0.6953125 0.3515625 0.04375 0.046875
8 0.88359375 0.3921875 0.0640625 0.059375
9 0.59140625 0.45703125 0.04375 0.0359375
6 0.196875 0.32890625 0.071875 0.059375
4 0.21640625 0.4359375 0.090625 0.065625
9 0.36484375 0.509375 0.053125 0.0375
4 0.38203125 0.57578125 0.046875 0.034375
2 0.53359375 0.66484375 0.0484375 0.0390625
2 0.6578125 0.5828125 0.046875 0.046875