9 0.47109375 0.27890625 0.040625 0.05
9 0.5265625 0.32421875 0.04375 0.046875
9 0.575 0.3828125 0.04375 0.046875
9 0.38203125 0.58125 0.0390625 0.046875
9 0.31875 0.6796875 0.0359375 0.046875
9 0.6046875 0.59609375 0.0375 0.0453125
9 0.62109375 0.53046875 0.040625 0.0484375
9 0.8515625 0.61484375 0.046875 0.0484375
8 0.43046875 0.46484375 0.053125 0.05625
8 0.4484375 0.38515625 0.05 0.0515625
6 0.3671875 0.5296875 0.05 0.06875
6 0.66484375 0.34296875 0.0546875 0.059375
7 0.5 0.5203125 0.05 0.090625
10 0.7984375 0.58359375 0.0796875 0.0859375
11 0.765625 0.44140625 0.059375 0.05625
11 0.92421875 0.58359375 0.065625 0.059375
1 0.30859375 0.47734375 0.078125 0.090625
4 0.178125 0.621875 0.078125 0.084375
5 0.4734375 0.77421875 0.0359375 0.0546875
5 0.05703125 0.5296875 0.065625 0.05625
2 0.23671875 0.5109375 0.06875 0.05625
2 0.428125 0.74140625 0.0375 0.0640625
0 0.35859375 0.72265625 0.040625 0.071875
0 0.48515625 0.60546875 0.040625 0.0703125
3 0.59921875 0.653125 0.0359375 0.0453125
3 0.5328125 0.75234375 0.034375 0.046875
3 0.47265625 0.70703125 0.034375 0.046875
3 0.434375 0.68203125 0.03125 0.046875
3 0.375 0.653125 0.0375 0.046875
3 0.2421875 0.5765625 0.0453125 0.0453125
3 0.18046875 0.53984375 0.046875 0.04375
3 0.3171875 0.37421875 0.0390625 0.05