6 0.4296875 0.21953125 0.046875 0.078125
2 0.515625 0.23359375 0.04375 0.06875
11 0.6046875 0.22578125 0.0453125 0.0625
6 0.678125 0.24921875 0.053125 0.078125
9 0.3328125 0.29609375 0.046875 0.053125
0 0.42578125 0.28125 0.05 0.078125
1 0.609375 0.275 0.0625 0.10625
4 0.69296875 0.3328125 0.0765625 0.0953125
10 0.5953125 0.38203125 0.0625 0.0875
9 0.428125 0.3421875 0.040625 0.053125
9 0.5078125 0.4078125 0.04375 0.046875
5 0.271875 0.346875 0.046875 0.0625
7 0.3265625 0.38203125 0.078125 0.0953125
5 0.39296875 0.46171875 0.05625 0.05625
3 0.4859375 0.459375 0.04375 0.046875
3 0.59609375 0.46328125 0.046875 0.04375
8 0.69453125 0.45703125 0.05625 0.065625
8 0.2921875 0.52890625 0.065625 0.0625
11 0.48125 0.54296875 0.05 0.0546875