6 0.81484375 0.21796875 0.0640625 0.0734375
3 0.596875 0.221875 0.0375 0.05
8 0.73828125 0.2671875 0.05625 0.065625
9 0.5703125 0.30390625 0.0421875 0.053125
11 0.4671875 0.27421875 0.046875 0.0609375
3 0.38125 0.3171875 0.04375 0.053125
3 0.3109375 0.32109375 0.04375 0.05
9 0.38984375 0.3859375 0.04375 0.05
7 0.28984375 0.43828125 0.0953125 0.11875
3 0.39375 0.44921875 0.040625 0.0453125
0 0.46015625 0.440625 0.046875 0.065625
5 0.6609375 0.32578125 0.0546875 0.059375
9 0.728125 0.3921875 0.0515625 0.046875
3 0.83828125 0.396875 0.053125 0.0484375
9 0.83125 0.45234375 0.05625 0.046875
10 0.3875 0.55546875 0.090625 0.121875
6 0.46875 0.62890625 0.053125 0.05
9 0.7640625 0.5734375 0.0625 0.04375
8 0.87890625 0.5171875 0.090625 0.05625
5 0.8859375 0.66953125 0.08125 0.046875
3 0.1453125 0.65390625 0.0625 0.0421875