9 0.33828125 0.67734375 0.0578125 0.06875
0 0.290625 0.40546875 0.08125 0.078125
5 0.56796875 0.37734375 0.090625 0.071875
3 0.509375 0.49765625 0.078125 0.059375
3 0.4234375 0.68046875 0.0609375 0.071875
2 0.6203125 0.49296875 0.096875 0.084375
4 0.3234375 0.6390625 0.0859375 0.125
8 0.40703125 0.353125 0.0859375 0.0703125
8 0.52890625 0.75625 0.065625 0.1
11 0.3640625 0.74765625 0.06875 0.0890625
9 0.44921875 0.60546875 0.0625 0.071875
1 0.33515625 0.53515625 0.0875 0.121875
7 0.58984375 0.71875 0.109375 0.15
10 0.625 0.6328125 0.1125 0.125