11 0.60390625 0.2671875 0.040625 0.06484375
6 0.68671875 0.29375 0.05546875 0.08125
6 0.4140625 0.26796875 0.0515625 0.08046875
2 0.50703125 0.28046875 0.046875 0.06953125
1 0.61171875 0.32734375 0.06328125 0.1046875
4 0.709375 0.38984375 0.084375 0.0921875
0 0.41328125 0.340625 0.05078125 0.078125
9 0.31484375 0.35703125 0.0546875 0.0546875
9 0.5109375 0.47734375 0.046875 0.04609375
9 0.41953125 0.4078125 0.04921875 0.05234375
5 0.2546875 0.41953125 0.06015625 0.05859375
7 0.309375 0.46171875 0.0921875 0.0828125
10 0.60625 0.45 0.06640625 0.0828125
8 0.7203125 0.52890625 0.06171875 0.06484375
3 0.61328125 0.53828125 0.0484375 0.04765625
3 0.48984375 0.5375 0.04765625 0.04375
5 0.3875 0.54375 0.0609375 0.05703125
8 0.2828125 0.628125 0.071875 0.05625
11 0.49140625 0.6359375 0.05546875 0.053125