3 0.3796875 0.26953125 0.021875 0.034375
5 0.3125 0.19453125 0.078125 0.040625
8 0.30234375 0.27421875 0.121875 0.05625
11 0.60625 0.5 0.125 0.065625
9 0.5296875 0.46640625 0.103125 0.05
9 0.496875 0.365625 0.103125 0.03125
9 0.07578125 0.28671875 0.065625 0.0296875
3 0.1109375 0.14921875 0.08125 0.034375
0 0.3078125 0.346875 0.1375 0.0484375
4 0.43359375 0.4421875 0.1828125 0.0796875
1 0.35234375 0.3796875 0.2046875 0.071875
10 0.4953125 0.25703125 0.21875 0.08125
7 0.56796875 0.32890625 0.240625 0.090625
2 0.41171875 0.19765625 0.1375 0.0625
3 0.56484375 0.41953125 0.1015625 0.0515625
8 0.6703125 0.40234375 0.15 0.0765625