5 0.49140625 0.090625 0.078125 0.0875
0 0.60625 0.12734375 0.090625 0.08125
5 0.7734375 0.27109375 0.0625 0.04375
4 0.7375 0.23359375 0.1078125 0.078125
2 0.75078125 0.409375 0.06875 0.053125
3 0.7421875 0.3015625 0.053125 0.028125
3 0.7109375 0.32734375 0.0546875 0.040625
3 0.67734375 0.3 0.05625 0.05
3 0.634375 0.45546875 0.0625 0.05
3 0.63046875 0.2625 0.0578125 0.0546875
3 0.58125 0.23828125 0.0578125 0.0609375
3 0.53828125 0.21796875 0.0625 0.059375
3 0.5171875 0.31484375 0.0625 0.0625
2 0.4640625 0.275 0.084375 0.0875
8 0.525 0.50390625 0.0890625 0.0625
11 0.78671875 0.8296875 0.065625 0.0484375
9 0.77265625 0.73359375 0.05625 0.0375
9 0.7453125 0.74765625 0.05625 0.03125
6 0.725 0.83203125 0.090625 0.0546875
7 0.696875 0.85078125 0.134375 0.0796875
10 0.65 0.86953125 0.1234375 0.0859375
1 0.5453125 0.859375 0.14375 0.0953125
9 0.71015625 0.728125 0.05625 0.04375
9 0.66953125 0.74453125 0.0609375 0.04375
8 0.75390625 0.57109375 0.071875 0.0421875
11 0.71328125 0.63984375 0.06875 0.04375
0 0.68515625 0.65546875 0.09375 0.046875
9 0.6109375 0.7421875 0.0640625 0.05
6 0.58046875 0.6328125 0.096875 0.05625
9 0.56640625 0.71953125 0.065625 0.05
9 0.5109375 0.73828125 0.0671875 0.053125
9 0.42421875 0.74453125 0.0671875 0.0625