11 0.1828125 0.22578125 0.0625 0.034375
11 0.7828125 0.22890625 0.059375 0.034375
8 0.7078125 0.23125 0.05 0.0359375
8 0.534375 0.52734375 0.0453125 0.0390625
6 0.36015625 0.23203125 0.04375 0.034375
6 0.621875 0.36015625 0.046875 0.034375
7 0.44921875 0.23046875 0.05 0.0375
10 0.246875 0.53984375 0.0640625 0.059375
9 0.21953125 0.3 0.046875 0.0296875
9 0.28671875 0.2921875 0.0421875 0.03125
9 0.36953125 0.30390625 0.0375 0.03125
9 0.45390625 0.2953125 0.034375 0.028125
9 0.5515625 0.29609375 0.040625 0.03125
9 0.5203125 0.40625 0.03125 0.0296875
9 0.69453125 0.41015625 0.0390625 0.0296875
9 0.70859375 0.478125 0.0375 0.03125
5 0.265625 0.63671875 0.046875 0.040625
5 0.72578125 0.61953125 0.04375 0.0421875
0 0.59375 0.64140625 0.0375 0.0515625
0 0.4546875 0.3546875 0.040625 0.0328125
2 0.22109375 0.3609375 0.0546875 0.0421875
2 0.7640625 0.52421875 0.05625 0.040625
4 0.29765625 0.48125 0.059375 0.05625
1 0.45 0.4796875 0.04375 0.05625
3 0.39140625 0.42890625 0.034375 0.03125
3 0.53125 0.47265625 0.0359375 0.034375
3 0.6171875 0.48203125 0.034375 0.034375
3 0.3234375 0.5984375 0.0375 0.0375
3 0.38828125 0.5734375 0.03125 0.034375
3 0.5328125 0.58125 0.034375 0.034375
3 0.60546875 0.57578125 0.034375 0.040625
3 0.659375 0.5765625 0.0359375 0.0328125