9 0.0640625 0.4546875 0.0421875 0.03125
3 0.0953125 0.0484375 0.0421875 0.0375
9 0.25859375 0.40625 0.0421875 0.03125
5 0.4125 0.840625 0.0453125 0.059375
3 0.34140625 0.3625 0.040625 0.0359375
9 0.3796875 0.42109375 0.040625 0.034375
6 0.40078125 0.478125 0.059375 0.0375
9 0.4375 0.53828125 0.040625 0.0359375
10 0.45078125 0.61015625 0.071875 0.059375
2 0.48984375 0.6734375 0.05 0.05625
11 0.36328125 0.26953125 0.05 0.0421875
1 0.3671875 0.30859375 0.084375 0.0515625
4 0.4078125 0.3609375 0.071875 0.0484375
3 0.44453125 0.44296875 0.0375 0.034375
0 0.46640625 0.49375 0.053125 0.04375
7 0.490625 0.56953125 0.071875 0.059375
5 0.5421875 0.62890625 0.04375 0.0515625
3 0.5328125 0.34453125 0.0375 0.0375
6 0.4546875 0.09140625 0.059375 0.0625
2 0.503125 0.15390625 0.05 0.0625
3 0.65078125 0.43515625 0.0375 0.040625