11 0.34765625 0.44375 0.0546875 0.075
8 0.38203125 0.63046875 0.059375 0.0890625
8 0.7515625 0.3234375 0.090625 0.084375
9 0.52109375 0.4671875 0.059375 0.0625
9 0.425 0.3828125 0.0515625 0.06875
7 0.46640625 0.65 0.078125 0.121875
10 0.56484375 0.6359375 0.09375 0.1078125
5 0.7546875 0.46875 0.0859375 0.0671875
3 0.43359375 0.475 0.05 0.0609375
3 0.63984375 0.46796875 0.065625 0.06875
4 0.5015625 0.34140625 0.084375 0.090625
2 0.6796875 0.5625 0.0875 0.071875
0 0.69609375 0.24140625 0.0890625 0.0796875
1 0.6140625 0.3109375 0.1078125 0.096875