9 0.32109375 0.34609375 0.0453125 0.0375
9 0.5703125 0.98046875 0.028125 0.0375
3 0.1625 0.96953125 0.0359375 0.0453125
5 0.18984375 0.725 0.05 0.05625
2 0.41484375 0.7 0.03125 0.0578125
5 0.496875 0.70625 0.040625 0.053125
3 0.71328125 0.684375 0.040625 0.04375
7 0.50390625 0.67578125 0.046875 0.09375
10 0.43203125 0.6625 0.04375 0.0828125
0 0.525 0.6140625 0.04375 0.0640625
9 0.45390625 0.6 0.0375 0.0421875
3 0.696875 0.58203125 0.04375 0.040625
3 0.53828125 0.56171875 0.0390625 0.0421875
6 0.4703125 0.55703125 0.0421875 0.05625
4 0.5875 0.51640625 0.065625 0.071875
9 0.48515625 0.4953125 0.0390625 0.0390625
2 0.83203125 0.48515625 0.075 0.05625
1 0.59375 0.45703125 0.0671875 0.071875
3 0.48828125 0.425 0.046875 0.040625
11 0.60625 0.40234375 0.053125 0.046875
6 0.86015625 0.41640625 0.078125 0.053125