2 0.20390625 0.9859375 0.0609375 0.028125
9 0.021875 0.971875 0.04375 0.034375
6 0.4078125 0.7453125 0.05 0.090625
9 0.55234375 0.72421875 0.046875 0.059375
5 0.6515625 0.7140625 0.053125 0.071875
7 0.67421875 0.684375 0.078125 0.13125
9 0.534375 0.65625 0.0453125 0.0625
0 0.48046875 0.70546875 0.0484375 0.0921875
2 0.34375 0.6984375 0.0515625 0.078125
5 0.69765625 0.58828125 0.065625 0.075
8 0.85859375 0.58828125 0.084375 0.084375
9 0.540625 0.571875 0.05 0.059375
3 0.61875 0.5453125 0.05 0.059375
11 0.25 0.66328125 0.0640625 0.071875
1 0.3234375 0.6375 0.0828125 0.1296875
10 0.459375 0.56171875 0.06875 0.109375
6 0.21484375 0.61640625 0.078125 0.090625
4 0.3078125 0.55 0.096875 0.1125
8 0.446875 0.43828125 0.0640625 0.08125
3 0.5328125 0.484375 0.05 0.059375
11 0.72734375 0.4859375 0.06875 0.075