9 0.50859375 0.046875 0.02890625 0.04140625
3 0.91640625 0.071875 0.03828125 0.0421875
5 0.33515625 0.2421875 0.0421875 0.04921875
9 0.7875 0.35 0.0421875 0.04375
10 0.38984375 0.36875 0.059375 0.0765625
2 0.321875 0.3671875 0.05234375 0.04921875
9 0.459375 0.4 0.034375 0.04296875
6 0.528125 0.40546875 0.0390625 0.059375
9 0.59921875 0.42578125 0.03359375 0.04375
3 0.690625 0.4328125 0.0390625 0.04296875
5 0.2890625 0.41875 0.05390625 0.04765625
7 0.35859375 0.41328125 0.0640625 0.07734375
0 0.43828125 0.43984375 0.04609375 0.05546875
3 0.50234375 0.45703125 0.0359375 0.0359375
4 0.578125 0.47578125 0.04765625 0.06875
1 0.6625 0.47734375 0.0515625 0.07578125
11 0.7171875 0.503125 0.04609375 0.046875
3 0.44609375 0.5671875 0.0390625 0.0375
3 0.2609375 0.58203125 0.0515625 0.03671875
2 0.58671875 0.66015625 0.05 0.04921875
6 0.69296875 0.678125 0.04921875 0.046875