6 0.74375 0.334375 0.04453125 0.07578125
6 0.66875 0.371875 0.04375 0.07734375
11 0.79140625 0.453125 0.053125 0.065625
3 0.825 0.5078125 0.05234375 0.05546875
0 0.871875 0.62109375 0.0765625 0.090625
9 0.59375 0.3875 0.0359375 0.04921875
9 0.51640625 0.3828125 0.0296875 0.04921875
11 0.60390625 0.4609375 0.0484375 0.06328125
1 0.52109375 0.4296875 0.05 0.11171875
5 0.5328125 0.51953125 0.0484375 0.06640625
9 0.51953125 0.57421875 0.04609375 0.05703125
3 0.43828125 0.3875 0.0375 0.04375
2 0.4328125 0.42421875 0.04453125 0.06328125
5 0.4296875 0.4609375 0.046875 0.059375
0 0.4265625 0.503125 0.0515625 0.08125
9 0.4140625 0.56171875 0.0453125 0.05859375
9 0.41796875 0.634375 0.053125 0.06171875
9 0.3671875 0.39453125 0.01953125 0.04921875
7 0.3484375 0.39453125 0.05859375 0.1046875
8 0.3515625 0.4578125 0.0546875 0.06953125
4 0.33515625 0.49375 0.07265625 0.1046875
8 0.3125 0.56328125 0.0671875 0.075
3 0.2890625 0.38984375 0.040625 0.04765625
2 0.2671875 0.42109375 0.05546875 0.06875
10 0.23828125 0.48984375 0.08046875 0.10546875