8 0.39921875 0.41640625 0.05 0.0765625
9 0.2953125 0.41484375 0.04375 0.0578125
7 0.53359375 0.33828125 0.0515625 0.12109375
9 0.70546875 0.38359375 0.0421875 0.059375
6 0.79140625 0.378125 0.05078125 0.0921875
10 0.26328125 0.4203125 0.0796875 0.11953125
4 0.34296875 0.43515625 0.07578125 0.12109375
0 0.43046875 0.4609375 0.0609375 0.09765625
11 0.65390625 0.4546875 0.04921875 0.075
5 0.5328125 0.48515625 0.05 0.07890625
2 0.62421875 0.49296875 0.0546875 0.0921875
1 0.74765625 0.4859375 0.071875 0.146875
3 0.88203125 0.53984375 0.0609375 0.075
9 0.38203125 0.515625 0.0515625 0.07109375
9 0.32734375 0.5796875 0.0640625 0.07421875
9 0.34453125 0.67734375 0.06953125 0.08203125