10 0.49765625 0.4390625 0.0625 0.121875
8 0.4265625 0.096875 0.06171875 0.0390625
3 0.25546875 0.0203125 0.04375 0.01796875
2 0.35390625 0.040625 0.05234375 0.03046875
11 0.24609375 0.08203125 0.059375 0.02890625
6 0.02265625 0.12734375 0.0453125 0.021875
3 0.19921875 0.07578125 0.03203125 0.02265625
3 0.62109375 0.07265625 0.04296875 0.02109375
9 0.7046875 0.06484375 0.034375 0.01796875
9 0.70546875 0.08359375 0.0390625 0.01640625
3 0.665625 0.08359375 0.02890625 0.02421875
2 0.70078125 0.09921875 0.06484375 0.03359375
9 0.70546875 0.1265625 0.03046875 0.0296875
9 0.83359375 0.08203125 0.040625 0.02265625
9 0.80859375 0.09140625 0.028125 0.02578125
3 0.82890625 0.103125 0.03359375 0.04140625
3 0.86875 0.08828125 0.0234375 0.03046875
3 0.959375 0.0921875 0.03125 0.0296875
5 0.93984375 0.121875 0.0625 0.03125
9 0.90859375 0.08984375 0.04609375 0.0203125
0 0.9265625 0.103125 0.0484375 0.025
4 0.9796875 0.11875 0.040625 0.084375
3 0.77578125 0.0953125 0.02578125 0.025