7 0.26953125 0.3125 0.07109375 0.1203125
9 0.6015625 0.646875 0.0578125 0.053125
9 0.8859375 0.496875 0.071875 0.05390625
9 0.2203125 0.5671875 0.0625 0.05390625
9 0.37890625 0.25078125 0.04765625 0.05859375
6 0.46875 0.325 0.05546875 0.0828125
6 0.68671875 0.5734375 0.0828125 0.0671875
11 0.38515625 0.5828125 0.06015625 0.0609375
8 0.23671875 0.3953125 0.05859375 0.0765625
10 0.28125 0.43359375 0.0703125 0.09453125
3 0.11484375 0.36015625 0.05703125 0.06015625
3 0.7625 0.39921875 0.06171875 0.0546875
0 0.5875 0.38203125 0.05625 0.07890625
0 0.40078125 0.38671875 0.04765625 0.07890625
2 0.5375 0.48671875 0.0671875 0.0703125
2 0.49921875 0.60703125 0.05703125 0.06875
5 0.3890625 0.50546875 0.0578125 0.06328125
5 0.67890625 0.47421875 0.0640625 0.059375