1 0.74609375 0.7328125 0.1125 0.059375
4 0.71171875 0.89921875 0.103125 0.08125
9 0.60859375 0.4140625 0.05625 0.0421875
10 0.60625 0.475 0.109375 0.05625
8 0.51875 0.6265625 0.078125 0.0546875
7 0.55625 0.7703125 0.125 0.084375
6 0.5125 0.478125 0.084375 0.053125
2 0.56796875 0.203125 0.071875 0.071875
3 0.5515625 0.065625 0.05625 0.0625
5 0.5734375 0.3421875 0.06875 0.053125
2 0.540625 0.39375 0.0703125 0.0671875
0 0.5078125 0.3265625 0.0875 0.0640625
11 0.38125 0.740625 0.071875 0.06875
6 0.2609375 0.38359375 0.0875 0.0703125