2 0.41484375 0.66171875 0.075 0.071875
9 0.51015625 0.50234375 0.05625 0.0578125
8 0.54765625 0.8296875 0.0875 0.0875
8 0.43671875 0.29609375 0.0796875 0.0828125
11 0.553125 0.290625 0.071875 0.075
10 0.38984375 0.50390625 0.115625 0.0640625
7 0.3953125 0.3921875 0.128125 0.078125
5 0.459375 0.78828125 0.075 0.08125
4 0.575 0.484375 0.1 0.071875
3 0.5203125 0.39453125 0.053125 0.053125
3 0.48125 0.6421875 0.065625 0.05
0 0.61796875 0.7734375 0.075 0.0859375
9 0.58125 0.3984375 0.065625 0.053125
1 0.56796875 0.63125 0.10625 0.084375