3 0.46484375 0.8296875 0.046875 0.0578125
3 0.19375 0.01484375 0.0453125 0.028125
3 0.1484375 0.11171875 0.0390625 0.059375
3 0.23828125 0.134375 0.05 0.0515625
9 0.228125 0.0453125 0.0484375 0.05625
6 0.19453125 0.50703125 0.078125 0.0390625
6 0.2640625 0.5109375 0.075 0.040625
11 0.29453125 0.33515625 0.0625 0.0453125
3 0.3296875 0.25703125 0.05 0.046875
0 0.403125 0.109375 0.071875 0.075
11 0.37734375 0.44609375 0.0609375 0.046875
9 0.309375 0.5625 0.0515625 0.0375
9 0.33984375 0.63359375 0.05 0.040625
3 0.37890625 0.5671875 0.05 0.040625
1 0.3890625 0.51328125 0.103125 0.0515625
5 0.459375 0.41875 0.059375 0.0484375
3 0.384375 0.69296875 0.046875 0.046875
2 0.4234375 0.62890625 0.059375 0.059375
5 0.459375 0.5734375 0.05625 0.05
0 0.50078125 0.50234375 0.0640625 0.046875
9 0.51015625 0.36796875 0.046875 0.046875
9 0.5515625 0.4515625 0.0453125 0.046875
9 0.60234375 0.35625 0.046875 0.05
8 0.4921875 0.63359375 0.065625 0.0546875
4 0.5390625 0.56953125 0.078125 0.0625
8 0.603125 0.51015625 0.0546875 0.059375
10 0.5875 0.65390625 0.078125 0.075
9 0.5703125 0.7234375 0.0484375 0.0578125
2 0.50546875 0.7765625 0.065625 0.065625
9 0.43125 0.759375 0.05 0.040625
7 0.44453125 0.71640625 0.09375 0.078125