8 0.44375 0.2546875 0.0484375 0.0640625
5 0.34765625 0.30546875 0.053125 0.05703125
5 0.4796875 0.334375 0.0484375 0.05859375
0 0.62421875 0.365625 0.04453125 0.078125
1 0.709375 0.2734375 0.0484375 0.1125
11 0.78984375 0.3015625 0.04296875 0.0609375
4 0.68515625 0.4734375 0.0578125 0.09765625
2 0.83125 0.5015625 0.0546875 0.07578125
3 0.7859375 0.6234375 0.05 0.05625
3 0.53828125 0.609375 0.05 0.05234375
9 0.47265625 0.54921875 0.053125 0.05390625
6 0.4265625 0.4671875 0.06015625 0.07421875
2 0.2328125 0.4890625 0.07421875 0.05859375