6 0.29921875 0.459375 0.0828125 0.04375
8 0.37578125 0.4203125 0.096875 0.0703125
0 0.409375 0.33515625 0.109375 0.05
9 0.48203125 0.2859375 0.0765625 0.06875
4 0.47109375 0.3890625 0.1390625 0.075
11 0.5703125 0.31171875 0.0875 0.084375
1 0.39453125 0.484375 0.1609375 0.06875
2 0.3703125 0.5671875 0.0875 0.059375
5 0.3671875 0.65078125 0.0890625 0.04375
6 0.41015625 0.684375 0.1125 0.071875
7 0.4 0.59765625 0.153125 0.0828125
10 0.4671875 0.6109375 0.1390625 0.0859375
3 0.52109375 0.51484375 0.0703125 0.05625
3 0.56875 0.5765625 0.075 0.065625
9 0.540625 0.43671875 0.0734375 0.0625
9 0.59453125 0.48671875 0.075 0.065625