4 0.51796875 0.2859375 0.04609375 0.065625
6 0.6625 0.30234375 0.0453125 0.0515625
3 0.32578125 0.353125 0.04140625 0.0359375
9 0.403125 0.359375 0.03828125 0.03671875
2 0.178125 0.41484375 0.06796875 0.0375
2 0.2171875 0.5078125 0.06484375 0.0375
9 0.38359375 0.5125 0.03828125 0.03125
1 0.69609375 0.55703125 0.065625 0.03984375
3 0.471875 0.615625 0.040625 0.028125
8 0.3453125 0.71484375 0.0609375 0.03984375
10 0.54375 0.728125 0.046875 0.05078125
3 0.41484375 0.790625 0.03984375 0.03828125
6 0.88125 0.54921875 0.06640625 0.03125