3 0.46015625 0.7453125 0.034375 0.046875
2 0.7546875 0.6890625 0.0578125 0.05625
6 0.83515625 0.671875 0.065625 0.065625
3 0.58359375 0.678125 0.034375 0.04375
5 0.32421875 0.64609375 0.04375 0.05625
7 0.396875 0.6375 0.0453125 0.090625
0 0.4765625 0.6109375 0.0421875 0.065625
3 0.53984375 0.5859375 0.040625 0.04375
4 0.6390625 0.59375 0.0671875 0.08125
1 0.715625 0.5703125 0.0765625 0.0875
11 0.7671875 0.54296875 0.059375 0.05
2 0.28828125 0.59296875 0.0515625 0.053125
10 0.36953125 0.58359375 0.0515625 0.078125
9 0.446875 0.55546875 0.0375 0.04375
6 0.52421875 0.5453125 0.04375 0.05625
9 0.60078125 0.51796875 0.0421875 0.040625
3 0.68984375 0.4859375 0.046875 0.040625
5 0.0953125 0.45703125 0.0671875 0.053125
9 0.721875 0.3484375 0.0546875 0.0375
3 0.14765625 0.97421875 0.0359375 0.04375
9 0.5578125 0.98203125 0.028125 0.034375