3 0.19765625 0.0625 0.05625 0.0640625
11 0.30703125 0.184375 0.065625 0.071875
6 0.29765625 0.29765625 0.0765625 0.059375
9 0.30390625 0.396875 0.053125 0.0484375
10 0.28125 0.48828125 0.103125 0.05625
7 0.290625 0.60390625 0.10625 0.0765625
8 0.29765625 0.70234375 0.075 0.0703125
9 0.45078125 0.82421875 0.05 0.06875
4 0.5140625 0.7140625 0.071875 0.103125
0 0.521875 0.60546875 0.053125 0.065625
5 0.51875 0.490625 0.0515625 0.053125
2 0.51640625 0.3953125 0.059375 0.0546875
1 0.525 0.278125 0.0703125 0.090625
3 0.52578125 0.14921875 0.04375 0.06875
9 0.590625 0.61953125 0.040625 0.05625
9 0.6875 0.6125 0.040625 0.0609375
9 0.7890625 0.52578125 0.0453125 0.0546875