2 0.82734375 0.40078125 0.0734375 0.07578125
8 0.59453125 0.66015625 0.0640625 0.0765625
6 0.67265625 0.56953125 0.06484375 0.08046875
6 0.49296875 0.2625 0.046875 0.0859375
9 0.38359375 0.45 0.05 0.05703125
9 0.2390625 0.47421875 0.06171875 0.05390625
9 0.7 0.28671875 0.0484375 0.06015625
3 0.56328125 0.29921875 0.03671875 0.0625
3 0.625 0.25859375 0.0390625 0.05390625
3 0.65625 0.32421875 0.0453125 0.05625
3 0.3484375 0.61171875 0.05703125 0.05703125
3 0.17265625 0.51484375 0.0640625 0.05546875
5 0.49140625 0.596875 0.06015625 0.0671875
4 0.48828125 0.4671875 0.06015625 0.10703125
11 0.59765625 0.37578125 0.05 0.07109375
10 0.375 0.33046875 0.06484375 0.11171875
8 0.225 0.5578125 0.08671875 0.07578125
2 0.31796875 0.39765625 0.0640625 0.075
1 0.63125 0.44375 0.07890625 0.1171875
3 0.70703125 0.3546875 0.05 0.059375
7 0.41328125 0.21796875 0.05859375 0.121875