0 0.48984375 0.75390625 0.03125 0.075
2 0.56328125 0.74921875 0.034375 0.0640625
4 0.271875 0.721875 0.05 0.096875
9 0.2859375 0.38125 0.05625 0.05625
9 0.36953125 0.39765625 0.05 0.05625
9 0.453125 0.43125 0.0421875 0.05625
9 0.60234375 0.53828125 0.04375 0.0546875
9 0.896875 0.54453125 0.05625 0.053125
9 0.42109375 0.63984375 0.034375 0.053125
9 0.6328125 0.59609375 0.040625 0.053125
9 0.43359375 0.72734375 0.034375 0.05
11 0.678125 0.42578125 0.0609375 0.065625
11 0.95078125 0.49765625 0.0765625 0.0609375
10 0.8078125 0.54140625 0.090625 0.1015625
7 0.4703125 0.575 0.0484375 0.109375
6 0.36875 0.61171875 0.046875 0.0765625
6 0.50625 0.37578125 0.0546875 0.078125
8 0.34140625 0.475 0.05625 0.0671875
8 0.3828125 0.54296875 0.0515625 0.071875
3 0.22109375 0.50234375 0.04375 0.053125
3 0.22890625 0.6546875 0.0328125 0.05
3 0.3046875 0.6703125 0.0390625 0.05
3 0.4640625 0.6953125 0.034375 0.046875
3 0.53515625 0.70390625 0.03125 0.05
3 0.5859375 0.7140625 0.0328125 0.046875
3 0.67109375 0.73359375 0.03125 0.05
3 0.66640625 0.64296875 0.0375 0.05
0 0.5203125 0.63984375 0.040625 0.078125
1 0.275 0.590625 0.06875 0.1125
5 0.12734375 0.6765625 0.05 0.0625
5 0.6296875 0.7640625 0.0328125 0.05625