6 0.7484375 0.37734375 0.075 0.04375
11 0.73984375 0.7765625 0.059375 0.0546875
2 0.6859375 0.6125 0.059375 0.053125
9 0.6859375 0.3671875 0.0484375 0.040625
9 0.69375 0.29296875 0.0484375 0.04375
9 0.69296875 0.23203125 0.0484375 0.0484375
9 0.70234375 0.7953125 0.025 0.0359375
4 0.65390625 0.77734375 0.0875 0.0796875
8 0.646875 0.28984375 0.065625 0.059375
9 0.63203125 0.5375 0.046875 0.0375
7 0.6125 0.4265625 0.090625 0.05625
8 0.5953125 0.346875 0.0625 0.053125
3 0.59140625 0.2 0.0421875 0.0375
1 0.55 0.25390625 0.0828125 0.084375
9 0.5828125 0.6125 0.046875 0.040625
0 0.525 0.528125 0.0609375 0.0453125
6 0.51953125 0.36015625 0.0609375 0.053125
9 0.47109375 0.43828125 0.04375 0.040625
3 0.5296875 0.71015625 0.040625 0.05
10 0.5375 0.81171875 0.0796875 0.0875
2 0.47109375 0.609375 0.05625 0.0453125
3 0.3875 0.84140625 0.046875 0.0609375
3 0.40078125 0.69921875 0.040625 0.05
3 0.39921875 0.6265625 0.04375 0.046875
3 0.3953125 0.53046875 0.040625 0.04375
3 0.390625 0.32734375 0.0421875 0.05
3 0.39296875 0.240625 0.040625 0.0578125
5 0.3359375 0.11875 0.05 0.078125
11 0.32109375 0.340625 0.053125 0.0625
9 0.32421875 0.52578125 0.040625 0.046875
0 0.31328125 0.6171875 0.05 0.053125
5 0.31875 0.840625 0.05 0.071875