9 0.25078125 0.2578125 0.046875 0.04921875
9 0.3109375 0.25703125 0.04375 0.0484375
9 0.384375 0.2640625 0.03828125 0.05
9 0.55390625 0.321875 0.0390625 0.05078125
9 0.628125 0.37421875 0.0390625 0.04921875
9 0.43984375 0.48125 0.04375 0.0453125
9 0.515625 0.6296875 0.0453125 0.04453125
11 0.81015625 0.2171875 0.0515625 0.06015625
11 0.54453125 0.2140625 0.04140625 0.06015625
9 0.83046875 0.25390625 0.02890625 0.021875
6 0.39921875 0.20390625 0.04140625 0.075
6 0.36328125 0.42890625 0.0578125 0.065625
8 0.35546875 0.3546875 0.05390625 0.06796875
8 0.30078125 0.303125 0.0578125 0.06484375
10 0.83125 0.41953125 0.08671875 0.08671875
5 0.8453125 0.64453125 0.065625 0.0515625
5 0.1078125 0.60625 0.078125 0.053125
3 0.31953125 0.5578125 0.05234375 0.04140625
3 0.2328125 0.553125 0.05859375 0.04296875
2 0.25 0.48125 0.0734375 0.06171875
2 0.61484375 0.48515625 0.0484375 0.06171875
4 0.803125 0.30078125 0.07265625 0.09296875
3 0.20859375 0.359375 0.03671875 0.05078125
1 0.25703125 0.39375 0.08671875 0.09140625
3 0.5265625 0.559375 0.04375 0.04375
3 0.62734375 0.55859375 0.0421875 0.04453125
3 0.70234375 0.55859375 0.0484375 0.04453125
3 0.72578125 0.428125 0.0453125 0.04375
3 0.85078125 0.57578125 0.059375 0.046875
0 0.6078125 0.6421875 0.05234375 0.05546875
0 0.5375 0.42734375 0.04296875 0.06484375
7 0.4359375 0.33515625 0.059375 0.10078125