8 0.55546875 0.59765625 0.04375 0.06875
3 0.53671875 0.66484375 0.0359375 0.05
3 0.28359375 0.54375 0.04375 0.0546875
9 0.37734375 0.59609375 0.0375 0.053125
9 0.459375 0.58671875 0.034375 0.05
9 0.5515625 0.540625 0.040625 0.0515625
3 0.6078125 0.5890625 0.0421875 0.0515625
3 0.375 0.53046875 0.0375 0.0515625
0 0.46953125 0.553125 0.04375 0.0796875
0 0.640625 0.553125 0.0515625 0.08125
7 0.67421875 0.51171875 0.075 0.1125
3 0.55859375 0.490625 0.046875 0.053125
9 0.3578125 0.490625 0.04375 0.053125
11 0.475 0.48515625 0.046875 0.0640625
2 0.36015625 0.43515625 0.05 0.0765625
6 0.4703125 0.43828125 0.05 0.0828125
5 0.57734375 0.4265625 0.059375 0.06875
4 0.68125 0.45234375 0.08125 0.1046875