0 0.39453125 0.5328125 0.1265625 0.0875
2 0.58203125 0.33515625 0.1046875 0.103125
5 0.4796875 0.27734375 0.1 0.10625
3 0.54453125 0.4390625 0.084375 0.08125
1 0.5296875 0.6 0.178125 0.09375
4 0.59921875 0.70703125 0.1671875 0.103125
3 0.646875 0.66328125 0.08125 0.0515625
8 0.396875 0.37578125 0.1125 0.121875
8 0.73828125 0.634375 0.109375 0.065625
11 0.67890625 0.78203125 0.1 0.0671875
10 0.69375 0.45 0.1625 0.096875
7 0.74296875 0.546875 0.18125 0.0703125
9 0.63046875 0.58203125 0.03125 0.0546875
9 0.61171875 0.75390625 0.084375 0.0359375