8 0.64765625 0.33671875 0.071875 0.04375
7 0.6625 0.41875 0.115625 0.046875
10 0.65703125 0.509375 0.10625 0.05
9 0.625 0.584375 0.05 0.0390625
6 0.63046875 0.6640625 0.084375 0.046875
11 0.61328125 0.7578125 0.0640625 0.05
9 0.571875 0.19296875 0.0578125 0.05
9 0.296875 0.36328125 0.06875 0.0625
9 0.3953125 0.31171875 0.06875 0.059375
9 0.46796875 0.3328125 0.0625 0.0484375
0 0.52734375 0.36328125 0.0875 0.05625
4 0.5453125 0.26953125 0.1171875 0.078125
5 0.51015625 0.4703125 0.0734375 0.05
2 0.50703125 0.55625 0.0828125 0.05
1 0.51328125 0.66015625 0.1296875 0.071875
3 0.4796875 0.78671875 0.0640625 0.05625