1 0.49140625 0.59609375 0.0734375 0.1375
4 0.51328125 0.4078125 0.06796875 0.12734375
0 0.33203125 0.50234375 0.07734375 0.1
2 0.2203125 0.409375 0.0828125 0.08203125
2 0.6703125 0.3515625 0.06875 0.08671875
3 0.5359375 0.290625 0.04921875 0.0640625
3 0.38828125 0.353125 0.05078125 0.06171875
5 0.3765625 0.4203125 0.0609375 0.078125
5 0.33203125 0.2921875 0.05078125 0.075
9 0.57890625 0.31875 0.04375 0.0609375
9 0.5890625 0.38515625 0.0546875 0.06484375
8 0.68359375 0.52109375 0.07109375 0.0921875
6 0.50625 0.503125 0.0625 0.09453125
8 0.4625 0.303125 0.05703125 0.08203125
10 0.75703125 0.36640625 0.08515625 0.121875