3 0.75546875 0.61640625 0.05546875 0.0578125
9 0.47734375 0.271875 0.02734375 0.0171875
5 0.70703125 0.67421875 0.07578125 0.0796875
11 0.88828125 0.3078125 0.053125 0.04765625
11 0.63671875 0.2734375 0.03984375 0.059375
6 0.5171875 0.24375 0.0375 0.0765625
9 0.42421875 0.27265625 0.03671875 0.046875
9 0.371875 0.26015625 0.0265625 0.03984375
8 0.38515625 0.2953125 0.03984375 0.05546875
8 0.40546875 0.34375 0.0515625 0.06953125
7 0.47734375 0.334375 0.0515625 0.11171875
9 0.8796875 0.35625 0.03671875 0.05234375
9 0.596875 0.353125 0.0375 0.05390625
6 0.3765625 0.39453125 0.0515625 0.078125
9 0.41640625 0.45234375 0.04296875 0.05234375
1 0.30234375 0.3484375 0.075 0.1078125
2 0.253125 0.41875 0.06953125 0.0671875
0 0.52421875 0.4234375 0.0453125 0.07734375
9 0.6390625 0.40390625 0.040625 0.05234375
4 0.8328125 0.3671875 0.07421875 0.1
3 0.70390625 0.4640625 0.04296875 0.05078125
2 0.56875 0.48828125 0.0484375 0.06875
10 0.80234375 0.46796875 0.08125 0.10546875
3 0.27265625 0.48828125 0.053125 0.05390625
3 0.20546875 0.46953125 0.05625 0.05234375
5 0.0734375 0.4828125 0.07421875 0.06484375
3 0.4515625 0.5296875 0.046875 0.05546875
3 0.54453125 0.55078125 0.0484375 0.053125
3 0.615625 0.56796875 0.04921875 0.05625
0 0.478125 0.609375 0.0546875 0.08046875
9 0.40390625 0.584375 0.05078125 0.05546875