3 0.73515625 0.6703125 0.046875 0.05625
2 0.63515625 0.6359375 0.05 0.06875
5 0.53125 0.6015625 0.040625 0.05625
0 0.615625 0.54765625 0.053125 0.0875
2 0.5234375 0.54765625 0.053125 0.0734375
9 0.43359375 0.5984375 0.04375 0.05625
10 0.403125 0.5734375 0.06875 0.109375
6 0.49765625 0.490625 0.053125 0.0828125
6 0.809375 0.33125 0.078125 0.0828125
11 0.415625 0.25078125 0.065625 0.0734375
8 0.35546875 0.42578125 0.075 0.075
7 0.19140625 0.39296875 0.1203125 0.115625
3 0.86953125 0.98515625 0.046875 0.025
9 0.98515625 0.84296875 0.0296875 0.03125
3 0.93671875 0.9484375 0.034375 0.0265625