6 0.87109375 0.29453125 0.0609375 0.0765625
6 0.76015625 0.3125 0.05 0.07734375
11 0.8046875 0.41796875 0.05859375 0.065625
3 0.7828125 0.47421875 0.046875 0.053125
0 0.7078125 0.57734375 0.06171875 0.0828125
9 0.684375 0.3109375 0.0390625 0.05234375
9 0.61640625 0.2875 0.0359375 0.05
11 0.6234375 0.3796875 0.04765625 0.0625
3 0.5875 0.325 0.02890625 0.053125
1 0.5578125 0.3296875 0.0515625 0.11171875
5 0.51796875 0.4125 0.04453125 0.06328125
9 0.46640625 0.4515625 0.0390625 0.05234375
3 0.54296875 0.275 0.028125 0.04375
2 0.50859375 0.30625 0.03671875 0.0640625
5 0.47734375 0.33984375 0.0390625 0.06171875
0 0.4375 0.371875 0.04375 0.0765625
9 0.39296875 0.4171875 0.03828125 0.05390625
9 0.35 0.47265625 0.0453125 0.0546875
9 0.4734375 0.265625 0.03203125 0.04921875
7 0.4453125 0.2625 0.0453125 0.11015625
8 0.41796875 0.32109375 0.04609375 0.06640625
4 0.36640625 0.34296875 0.05859375 0.1
8 0.31796875 0.39453125 0.05390625 0.07265625
3 0.4171875 0.246875 0.025 0.04921875
2 0.37578125 0.2703125 0.04375 0.065625
9 0.325 0.30703125 0.0375 0.05078125
10 0.29921875 0.31953125 0.0640625 0.0984375