3 0.59453125 0.20703125 0.046875 0.04921875
3 0.375 0.63125 0.0515625 0.03515625
9 0.26796875 0.40546875 0.05390625 0.046875
9 0.68828125 0.6078125 0.05703125 0.040625
9 0.8546875 0.4 0.06171875 0.040625
9 0.74296875 0.1828125 0.0546875 0.053125
2 0.8078125 0.44765625 0.08203125 0.04765625
2 0.675 0.384375 0.07265625 0.05703125
8 0.47265625 0.54765625 0.04921875 0.05234375
11 0.75234375 0.50625 0.07421875 0.0421875
6 0.80234375 0.32265625 0.084375 0.0609375
6 0.43359375 0.36796875 0.04765625 0.059375
10 0.5609375 0.52890625 0.07109375 0.06171875
7 0.38203125 0.50546875 0.05390625 0.06171875
0 0.5078125 0.4390625 0.0546875 0.05625
0 0.54296875 0.30625 0.0515625 0.071875
5 0.6796875 0.290625 0.05625 0.05859375
5 0.659375 0.48203125 0.06484375 0.04453125