5 0.90859375 0.6203125 0.0546875 0.0625
9 0.15546875 0.5875 0.04375 0.053125
2 0.440625 0.67421875 0.04375 0.059375
10 0.4546875 0.60546875 0.05625 0.109375
11 0.5375 0.56171875 0.040625 0.065625
0 0.4 0.56328125 0.05 0.096875
2 0.8828125 0.5578125 0.075 0.0734375
4 0.57890625 0.71171875 0.040625 0.09375
0 0.778125 0.66796875 0.0390625 0.08125
5 0.48671875 0.71171875 0.025 0.05625
3 0.575 0.5921875 0.0375 0.053125
3 0.7890625 0.57109375 0.046875 0.059375
3 0.80390625 0.61171875 0.0375 0.0484375
3 0.74375 0.62109375 0.0375 0.0546875
3 0.67421875 0.6421875 0.0375 0.046875
3 0.5953125 0.6546875 0.03125 0.0484375
3 0.53515625 0.665625 0.03125 0.046875
3 0.503125 0.68515625 0.028125 0.046875
9 0.7015625 0.37734375 0.05625 0.0765625
9 0.57734375 0.428125 0.05 0.06875
9 0.2875 0.640625 0.0375 0.053125
9 0.27421875 0.5953125 0.046875 0.05
9 0.2765625 0.546875 0.03125 0.05625
9 0.19765625 0.56328125 0.046875 0.05625
8 0.7046875 0.5234375 0.0640625 0.078125
8 0.33046875 0.62734375 0.05 0.06875
6 0.18046875 0.5203125 0.065625 0.084375
6 0.5625 0.5140625 0.05 0.1
11 0.47890625 0.525 0.053125 0.071875
7 0.2578125 0.52109375 0.0765625 0.140625
1 0.50859375 0.41953125 0.06875 0.1546875