6 0.21953125 0.44296875 0.075 0.040625
6 0.28984375 0.4703125 0.071875 0.040625
9 0.3234375 0.53828125 0.0484375 0.0375
11 0.34609375 0.30390625 0.059375 0.05
11 0.4140625 0.44375 0.05625 0.0453125
1 0.41875 0.51953125 0.0921875 0.05
2 0.4328125 0.6328125 0.053125 0.05625
5 0.47578125 0.59140625 0.053125 0.05
3 0.39375 0.2390625 0.046875 0.05
0 0.49296875 0.1203125 0.0609375 0.078125
7 0.44140625 0.7265625 0.0875 0.075
2 0.48984375 0.79453125 0.0640625 0.059375
9 0.559375 0.76953125 0.0453125 0.05
10 0.58828125 0.7140625 0.071875 0.078125
8 0.4984375 0.66328125 0.0625 0.0546875
4 0.5546875 0.61953125 0.071875 0.065625
0 0.528125 0.540625 0.05625 0.046875
9 0.584375 0.50625 0.040625 0.0453125
8 0.62734375 0.58125 0.046875 0.0609375
9 0.64921875 0.434375 0.040625 0.0484375
9 0.68828125 0.3 0.0421875 0.0578125
9 0.7234375 0.76171875 0.040625 0.0609375
3 0.7359375 0.61328125 0.0390625 0.0484375