11 0.06328125 0.9484375 0.071875 0.028125
11 0.6296875 0.6015625 0.05625 0.0640625
9 0.1328125 0.5609375 0.065625 0.0546875
9 0.5578125 0.203125 0.065625 0.05625
9 0.74453125 0.4828125 0.05625 0.059375
9 0.59296875 0.67421875 0.040625 0.05625
6 0.665625 0.42265625 0.059375 0.084375
6 0.265625 0.528125 0.071875 0.0796875
3 0.32734375 0.70859375 0.046875 0.05625
3 0.35859375 0.290625 0.0625 0.053125
5 0.503125 0.4 0.053125 0.065625
5 0.5328125 0.59140625 0.0609375 0.0625
0 0.35078125 0.453125 0.06875 0.08125
0 0.371875 0.57890625 0.0609375 0.0796875
2 0.51875 0.50546875 0.06875 0.071875
2 0.6859375 0.54453125 0.05625 0.06875
10 0.44296875 0.65703125 0.075 0.1078125
7 0.27890625 0.6578125 0.09375 0.115625
8 0.37890625 0.6625 0.06875 0.071875