9 0.36015625 0.69921875 0.0390625 0.05
3 0.428125 0.72109375 0.034375 0.05
6 0.53828125 0.7125 0.0375 0.071875
6 0.50703125 0.64765625 0.0390625 0.071875
3 0.47578125 0.68125 0.0359375 0.05
3 0.3953125 0.66328125 0.0375 0.0484375
3 0.35 0.6375 0.0359375 0.046875
9 0.2453125 0.59921875 0.0484375 0.05
0 0.2875 0.5578125 0.053125 0.0703125
3 0.36328125 0.58046875 0.0421875 0.046875
11 0.43984375 0.61484375 0.04375 0.059375
9 0.57578125 0.66171875 0.0375 0.0515625
9 0.634375 0.625 0.0375 0.05
3 0.68515625 0.57265625 0.040625 0.0375
9 0.72265625 0.5203125 0.05 0.0484375
3 0.78515625 0.4765625 0.053125 0.046875
7 0.671875 0.515625 0.071875 0.0953125
2 0.71640625 0.44453125 0.065625 0.0625
8 0.578125 0.48125 0.046875 0.0640625
2 0.6 0.54765625 0.053125 0.059375
3 0.55625 0.59609375 0.040625 0.0484375
1 0.49140625 0.596875 0.04375 0.1
5 0.5359375 0.51953125 0.05 0.05625
5 0.3859375 0.5421875 0.046875 0.059375
0 0.44921875 0.49296875 0.0453125 0.065625
4 0.49921875 0.44609375 0.05625 0.08125
9 0.6421875 0.38984375 0.05 0.05
10 0.5609375 0.38828125 0.0609375 0.0765625
11 0.478125 0.33125 0.0546875 0.053125
8 0.41796875 0.39609375 0.0578125 0.059375
9 0.3859375 0.4515625 0.046875 0.0453125
9 0.321875 0.503125 0.046875 0.046875