7 0.7625 0.221875 0.07734375 0.1109375
6 0.7609375 0.29609375 0.0671875 0.07421875
2 0.74375 0.5734375 0.07265625 0.04921875
2 0.49609375 0.2828125 0.05078125 0.06953125
8 0.30546875 0.54765625 0.06875 0.0515625
11 0.66171875 0.421875 0.05625 0.05859375
6 0.440625 0.5515625 0.0578125 0.0578125
9 0.8671875 0.4359375 0.059375 0.05234375
9 0.4671875 0.346875 0.04609375 0.05234375
9 0.38359375 0.29140625 0.04609375 0.04921875
3 0.86484375 0.3734375 0.05703125 0.05
3 0.76171875 0.3625 0.05859375 0.05390625
3 0.31953125 0.2828125 0.04296875 0.053125
3 0.28203125 0.40703125 0.04765625 0.05234375
3 0.77734375 0.43046875 0.05078125 0.046875
5 0.34609375 0.46796875 0.06015625 0.05546875
1 0.55390625 0.471875 0.0578125 0.08671875
4 0.46953125 0.40390625 0.05546875 0.0859375
10 0.5890625 0.2734375 0.05859375 0.09921875
8 0.2859375 0.325 0.0640625 0.0625
3 0.75703125 0.47890625 0.0515625 0.04765625