9 0.30078125 0.51953125 0.0390625 0.04375
9 0.34296875 0.46640625 0.0390625 0.04375
9 0.40234375 0.4203125 0.040625 0.04375
9 0.55078125 0.36796875 0.04375 0.0421875
9 0.62734375 0.38203125 0.04375 0.0390625
9 0.6140625 0.62578125 0.04375 0.0375
9 0.72734375 0.67890625 0.0484375 0.0390625
9 0.64296875 0.12734375 0.046875 0.0515625
11 0.61171875 0.0609375 0.053125 0.06875
11 0.45625 0.22421875 0.05 0.0625
10 0.64609375 0.2609375 0.08125 0.06875
7 0.54140625 0.49296875 0.078125 0.0515625
6 0.55 0.6203125 0.0625 0.0515625
6 0.3640625 0.33125 0.05 0.05625
8 0.48671875 0.56015625 0.05 0.0578125
8 0.40546875 0.54296875 0.04375 0.05
2 0.79609375 0.56328125 0.0671875 0.0390625
5 0.8359375 0.51328125 0.0578125 0.0375
5 0.578125 0.91875 0.05 0.065625
0 0.775 0.634375 0.0734375 0.04375
0 0.6359375 0.50234375 0.06875 0.0375
4 0.66328125 0.8125 0.084375 0.084375
1 0.7078125 0.7484375 0.090625 0.0734375
3 0.8125 0.4546875 0.046875 0.0390625
3 0.7578125 0.51640625 0.0515625 0.034375
3 0.73125 0.55859375 0.05 0.0375
3 0.69453125 0.61796875 0.046875 0.040625
3 0.63828125 0.66640625 0.0453125 0.04375
3 0.61875 0.7265625 0.04375 0.046875
3 0.56875 0.809375 0.046875 0.05625
3 0.53671875 0.86875 0.0421875 0.0640625
2 0.5359375 0.75078125 0.05 0.071875