11 0.1640625 0.34140625 0.046875 0.034375
9 0.19375 0.39296875 0.04375 0.03125
9 0.1578125 0.259375 0.0375 0.0296875
3 0.18984375 0.2203125 0.040625 0.03125
9 0.18671875 0.15546875 0.040625 0.034375
9 0.17578125 0.09921875 0.0375 0.034375
9 0.21484375 0.103125 0.040625 0.0375
3 0.26171875 0.05390625 0.040625 0.04375
3 0.2890625 0.11875 0.0453125 0.04375
3 0.27734375 0.234375 0.0453125 0.0390625
11 0.20859375 0.25390625 0.0375 0.034375
3 0.2484375 0.27265625 0.0453125 0.034375
9 0.24921875 0.39140625 0.046875 0.034375
6 0.28671875 0.42421875 0.0765625 0.0375
8 0.3359375 0.30859375 0.0671875 0.053125
6 0.39296875 0.2765625 0.08125 0.059375
2 0.38359375 0.178125 0.06875 0.05625
1 0.23046875 0.5328125 0.103125 0.040625
5 0.340625 0.5265625 0.0609375 0.040625
3 0.45546875 0.153125 0.053125 0.05625
0 0.4109375 0.4578125 0.084375 0.046875
3 0.4890625 0.353125 0.05625 0.0484375
5 0.50546875 0.2328125 0.0546875 0.06875
0 0.5765625 0.27265625 0.0890625 0.0703125
4 0.51875 0.54296875 0.1125 0.059375
9 0.49765625 0.75625 0.059375 0.0546875
2 0.3703125 0.865625 0.06875 0.0578125
8 0.67109375 0.38359375 0.084375 0.071875