6 0.54453125 0.56171875 0.028125 0.05
2 0.48984375 0.55390625 0.028125 0.04375
5 0.4328125 0.55859375 0.025 0.0375
1 0.428125 0.5390625 0.0359375 0.06875
6 0.38359375 0.54765625 0.03125 0.053125
0 0.54609375 0.53046875 0.028125 0.0515625
9 0.60625 0.51953125 0.028125 0.034375
4 0.371875 0.5078125 0.040625 0.06875
9 0.54453125 0.49609375 0.028125 0.0375
5 0.64140625 0.4921875 0.03125 0.04375
10 0.4328125 0.48203125 0.0375 0.06875
9 0.4890625 0.4609375 0.028125 0.0359375
7 0.60859375 0.4796875 0.040625 0.075
8 0.36171875 0.43671875 0.034375 0.053125
3 0.42734375 0.43125 0.03125 0.0375
3 0.5046875 0.43203125 0.0296875 0.0375
5 0.5671875 0.43125 0.034375 0.046875
11 0.5046875 0.384375 0.034375 0.05
8 0.634375 0.3921875 0.0375 0.05625