7 0.68359375 0.50703125 0.084375 0.04375
9 0.6296875 0.6546875 0.040625 0.0375
6 0.6140625 0.7265625 0.0578125 0.05
8 0.596875 0.38828125 0.05 0.0484375
9 0.61640625 0.2953125 0.04375 0.04375
10 0.58125 0.2734375 0.071875 0.0734375
4 0.55546875 0.3453125 0.06875 0.06875
0 0.5265625 0.41484375 0.0515625 0.046875
5 0.50234375 0.496875 0.046875 0.040625
2 0.48359375 0.5640625 0.0515625 0.0421875
11 0.53046875 0.59375 0.046875 0.0453125
1 0.4578125 0.65390625 0.0609375 0.059375
3 0.42265625 0.74296875 0.0375 0.0484375
9 0.4796875 0.378125 0.040625 0.0390625
9 0.41171875 0.34375 0.0375 0.046875
9 0.32109375 0.36171875 0.0328125 0.04375