9 0.534375 0.1734375 0.0421875 0.06171875
11 0.75859375 0.27265625 0.06171875 0.08046875
1 0.71640625 0.2625 0.07890625 0.15
3 0.61796875 0.25625 0.046875 0.06640625
4 0.65625 0.31484375 0.08671875 0.1375
9 0.5484375 0.3 0.0515625 0.06875
2 0.96640625 0.42734375 0.0671875 0.08125
3 0.72265625 0.48515625 0.06953125 0.0703125
6 0.47578125 0.31796875 0.05546875 0.10625
3 0.53828125 0.37890625 0.05234375 0.06484375
0 0.46953125 0.4015625 0.0609375 0.1046875
9 0.39375 0.37734375 0.0515625 0.06875
10 0.28359375 0.3828125 0.0890625 0.13984375
7 0.3609375 0.43046875 0.08671875 0.14921875
2 0.18359375 0.4515625 0.09453125 0.09609375
5 0.26796875 0.52421875 0.084375 0.0859375
3 0.62578125 0.671875 0.0671875 0.07578125