8 0.64375 0.66875 0.0671875 0.0515625
11 0.59296875 0.67890625 0.071875 0.04375
0 0.57421875 0.63828125 0.096875 0.05
9 0.35234375 0.37890625 0.0828125 0.059375
9 0.41796875 0.49296875 0.078125 0.0609375
9 0.46640625 0.55234375 0.071875 0.04375
9 0.48984375 0.6390625 0.071875 0.04375
9 0.53203125 0.7171875 0.06875 0.0453125
9 0.5609375 0.7609375 0.075 0.046875
9 0.61484375 0.86171875 0.0625 0.0328125
6 0.5109375 0.48359375 0.10625 0.0546875
6 0.55625 0.86875 0.103125 0.0640625
8 0.50703125 0.321875 0.090625 0.0734375
11 0.59765625 0.965625 0.06875 0.0609375
7 0.5375 0.82265625 0.15 0.071875
1 0.4203125 0.58828125 0.175 0.075
4 0.70625 0.3875 0.096875 0.04375
0 0.6484375 0.18984375 0.08125 0.0578125
2 0.6734375 0.540625 0.065625 0.0375
5 0.5859375 0.0578125 0.0703125 0.0640625
5 0.7125 0.4734375 0.05 0.0296875
3 0.5875 0.43359375 0.0625 0.0390625
3 0.54765625 0.20859375 0.065625 0.05
3 0.584375 0.175 0.0578125 0.0390625
3 0.60546875 0.23671875 0.0578125 0.0421875
3 0.628125 0.30703125 0.053125 0.0421875
3 0.6484375 0.38359375 0.0515625 0.034375
3 0.6640625 0.44140625 0.046875 0.028125
3 0.684375 0.46953125 0.046875 0.028125
10 0.49140625 0.7671875 0.146875 0.090625
2 0.5234375 0.1109375 0.0875 0.071875