6 0.24921875 0.225 0.075 0.059375
1 0.28515625 0.4578125 0.103125 0.05625
3 0.30390625 0.5578125 0.05 0.040625
9 0.26015625 0.721875 0.0515625 0.0453125
9 0.36484375 0.54609375 0.0484375 0.040625
4 0.346875 0.4375 0.0921875 0.0640625
2 0.309375 0.20625 0.06875 0.0625
6 0.41484375 0.54609375 0.0703125 0.046875
3 0.42890625 0.46640625 0.0484375 0.040625
3 0.4328125 0.2765625 0.046875 0.0515625
9 0.48515625 0.55078125 0.04375 0.04375
0 0.475 0.46328125 0.0625 0.05
10 0.53671875 0.565625 0.0765625 0.059375
7 0.5390625 0.46484375 0.08125 0.0625
3 0.5703125 0.17109375 0.04375 0.0625
5 0.62734375 0.453125 0.0515625 0.05625
2 0.61953125 0.56640625 0.059375 0.046875
5 0.703125 0.8890625 0.05 0.08125