9 0.14296875 0.46640625 0.0890625 0.0640625
9 0.9515625 0.4734375 0.0796875 0.071875
9 0.7453125 0.7078125 0.053125 0.065625
9 0.40546875 0.775 0.053125 0.0625
6 0.7828125 0.65234375 0.08125 0.1015625
11 0.5375 0.7453125 0.0453125 0.08125
10 0.33671875 0.7171875 0.071875 0.1296875
8 0.24765625 0.684375 0.0671875 0.090625
3 0.10078125 0.69140625 0.0625 0.0625
3 0.7390625 0.4265625 0.065625 0.0609375
2 0.65 0.7296875 0.046875 0.084375
2 0.59140625 0.63515625 0.0625 0.075
5 0.47734375 0.70078125 0.053125 0.078125
0 0.37265625 0.62109375 0.05625 0.09375
0 0.5421875 0.52265625 0.0609375 0.090625
5 0.7109375 0.56484375 0.059375 0.078125
6 0.35703125 0.53046875 0.075 0.0921875
7 0.1734375 0.63984375 0.115625 0.1375