3 0.6078125 0.85078125 0.06953125 0.05234375
9 0.8828125 0.890625 0.0640625 0.03515625
9 0.8 0.8421875 0.075 0.0484375
9 0.73046875 0.7671875 0.05390625 0.02890625
9 0.67578125 0.84375 0.04296875 0.06171875
11 0.71328125 0.965625 0.06640625 0.05
3 0.55625 0.84140625 0.04453125 0.0328125
3 0.43515625 0.91796875 0.04375 0.0390625
5 0.378125 0.27109375 0.0328125 0.05
2 0.67265625 0.33125 0.04921875 0.04921875
8 0.21875 0.33828125 0.0484375 0.0484375
9 0.5328125 0.32109375 0.03671875 0.03828125
6 0.6421875 0.64765625 0.0578125 0.0359375
6 0.384375 0.5921875 0.04453125 0.03671875
8 0.4875 0.653125 0.04375 0.04296875
4 0.3953125 0.35546875 0.0453125 0.06953125
0 0.21953125 0.42109375 0.0453125 0.0546875
5 0.2484375 0.49453125 0.04375 0.040625
3 0.3421875 0.4765625 0.03203125 0.0375
0 0.46953125 0.48359375 0.04375 0.0453125
3 0.25078125 0.6015625 0.040625 0.0328125
2 0.33203125 0.66484375 0.040625 0.0421875
1 0.8109375 0.6359375 0.09296875 0.046875