7 0.778125 0.7625 0.1109375 0.078125
6 0.70390625 0.7609375 0.075 0.0671875
2 0.4265625 0.74375 0.05 0.071875
2 0.7171875 0.49609375 0.06875 0.05
8 0.45234375 0.30546875 0.0515625 0.06875
11 0.578125 0.66171875 0.059375 0.05625
6 0.4484375 0.440625 0.0578125 0.0578125
9 0.5640625 0.8671875 0.053125 0.059375
9 0.653125 0.4671875 0.053125 0.046875
9 0.70859375 0.38359375 0.05 0.046875
3 0.6265625 0.86484375 0.05 0.05625
3 0.6375 0.76171875 0.053125 0.059375
3 0.7171875 0.31953125 0.053125 0.04375
3 0.59296875 0.28203125 0.053125 0.046875
3 0.56953125 0.77734375 0.046875 0.05
5 0.53203125 0.34609375 0.05625 0.059375
1 0.528125 0.55390625 0.0875 0.0578125
4 0.59609375 0.46953125 0.0859375 0.05625
10 0.7265625 0.5890625 0.1 0.059375
8 0.675 0.2859375 0.0625 0.0640625
3 0.52109375 0.75703125 0.046875 0.0515625