9 0.75703125 0.6515625 0.0625 0.0671875
3 0.51953125 0.75859375 0.0609375 0.0625
7 0.4015625 0.69296875 0.115625 0.11875
8 0.50625 0.6796875 0.065625 0.08125
10 0.559375 0.6546875 0.10625 0.1078125
9 0.23515625 0.61484375 0.06875 0.0578125
0 0.43984375 0.58046875 0.090625 0.084375
6 0.31171875 0.54375 0.096875 0.08125
5 0.61484375 0.55859375 0.078125 0.075
11 0.72265625 0.54609375 0.075 0.078125
0 0.334375 0.44296875 0.0984375 0.08125
2 0.5234375 0.45859375 0.090625 0.08125
2 0.7171875 0.4625 0.0921875 0.0796875
9 0.73125 0.37265625 0.0734375 0.0640625
6 0.58828125 0.3296875 0.0921875 0.084375
5 0.434375 0.34765625 0.0921875 0.0734375
3 0.25546875 0.2828125 0.0765625 0.059375