6 0.45546875 0.43828125 0.02890625 0.04921875
2 0.51015625 0.44609375 0.028125 0.04296875
5 0.5671875 0.44140625 0.02578125 0.0375
1 0.571875 0.4609375 0.0359375 0.06953125
6 0.61640625 0.45234375 0.03125 0.05234375
0 0.45390625 0.46953125 0.028125 0.0515625
9 0.39375 0.48046875 0.028125 0.034375
4 0.628125 0.4921875 0.04140625 0.06953125
9 0.45546875 0.50390625 0.028125 0.0375
5 0.35859375 0.5078125 0.03203125 0.04375
10 0.5671875 0.51796875 0.0375 0.06953125
9 0.5109375 0.5390625 0.02890625 0.0359375
7 0.39140625 0.5203125 0.040625 0.075
8 0.63828125 0.56328125 0.03515625 0.053125
3 0.57265625 0.56875 0.03125 0.03671875
3 0.4953125 0.56796875 0.0296875 0.0375
5 0.4328125 0.56875 0.034375 0.04609375
11 0.4953125 0.615625 0.03515625 0.04921875
8 0.365625 0.6078125 0.0375 0.05546875