6 0.85078125 0.27890625 0.0671875 0.1
3 0.59375 0.27421875 0.040625 0.0625
8 0.7484375 0.31953125 0.065625 0.0859375
11 0.42890625 0.30234375 0.0546875 0.078125
9 0.534375 0.33515625 0.05 0.06875
5 0.6359375 0.3609375 0.0625 0.08125
3 0.2328125 0.325 0.05 0.065625
3 0.31328125 0.32890625 0.053125 0.0671875
9 0.83671875 0.43125 0.065625 0.075
9 0.27890625 0.38515625 0.04375 0.06875
3 0.25078125 0.44453125 0.0609375 0.071875
0 0.3296875 0.43125 0.071875 0.1125
3 0.8015625 0.72265625 0.09375 0.0859375
6 0.21328125 0.64609375 0.1125 0.125