6 0.78359375 0.36328125 0.0703125 0.046875
0 0.76015625 0.61171875 0.0671875 0.053125
6 0.74296875 0.78203125 0.0625 0.0640625
4 0.70703125 0.2359375 0.08125 0.0765625
11 0.6984375 0.44453125 0.0578125 0.0453125
1 0.6328125 0.690625 0.075 0.08125
5 0.55625 0.41796875 0.046875 0.046875
9 0.571875 0.23203125 0.0421875 0.053125
3 0.5515625 0.79765625 0.040625 0.0578125
3 0.49140625 0.515625 0.034375 0.04375
3 0.5234375 0.1609375 0.0375 0.05625
3 0.43828125 0.60546875 0.034375 0.05
9 0.44921875 0.415625 0.034375 0.0421875
3 0.43984375 0.22265625 0.034375 0.05625
10 0.41953125 0.7984375 0.0484375 0.09375
2 0.3765625 0.1234375 0.040625 0.075
2 0.33359375 0.28046875 0.0375 0.075
9 0.28515625 0.4765625 0.0375 0.0453125
8 0.284375 0.65234375 0.040625 0.071875
3 0.28046875 0.784375 0.0359375 0.0578125