1 0.7328125 0.25390625 0.06015625 0.11171875
4 0.89921875 0.28828125 0.08046875 0.10234375
9 0.4140625 0.39140625 0.0421875 0.05625
10 0.475 0.39375 0.05546875 0.11015625
8 0.6265625 0.48125 0.0546875 0.07890625
7 0.7703125 0.44375 0.084375 0.125
6 0.478125 0.4875 0.05234375 0.08515625
2 0.203125 0.43203125 0.071875 0.071875
3 0.065625 0.4484375 0.0625 0.05625
5 0.3421875 0.4265625 0.05390625 0.06875
2 0.39375 0.459375 0.0671875 0.0703125
0 0.3265625 0.4921875 0.0640625 0.08828125
11 0.740625 0.61875 0.06875 0.071875
6 0.38359375 0.7390625 0.0703125 0.08828125