7 0.2265625 0.32734375 0.07734375 0.10625
7 0.49296875 0.31015625 0.034375 0.05
0 0.675 0.74296875 0.071875 0.07109375
3 0.46796875 0.6515625 0.05078125 0.0515625
3 0.54375 0.35703125 0.03515625 0.05
3 0.48515625 0.346875 0.03359375 0.05
3 0.3984375 0.35390625 0.0421875 0.0515625
3 0.41484375 0.3078125 0.034375 0.04921875
6 0.6796875 0.51328125 0.05703125 0.078125
6 0.31953125 0.3421875 0.0453125 0.07578125
10 0.28203125 0.4265625 0.07109375 0.1
7 0.2671875 0.5890625 0.059375 0.053125
7 0.37109375 0.52109375 0.0453125 0.0515625
2 0.66171875 0.35859375 0.04921875 0.06875
2 0.27265625 0.50390625 0.071875 0.0609375
8 0.68984375 0.6 0.0546875 0.075
5 0.56796875 0.58984375 0.06015625 0.06328125
11 0.48515625 0.3984375 0.046875 0.0625
8 0.33671875 0.65078125 0.0734375 0.07578125
4 0.48359375 0.49375 0.059375 0.09921875
1 0.5734375 0.434375 0.06328125 0.109375
3 0.2453125 0.6453125 0.05859375 0.05546875