3 0.52578125 0.81171875 0.03125 0.05
0 0.55703125 0.79140625 0.0375 0.075
4 0.5984375 0.7578125 0.04375 0.1
5 0.528125 0.72265625 0.0421875 0.059375
2 0.5671875 0.690625 0.040625 0.0703125
6 0.596875 0.64375 0.04375 0.071875
11 0.7171875 0.478125 0.0546875 0.059375
9 0.44296875 0.69453125 0.0296875 0.05
10 0.4703125 0.67265625 0.0625 0.090625
8 0.55 0.5578125 0.053125 0.0578125
7 0.48515625 0.49296875 0.06875 0.0875
2 0.3421875 0.35625 0.0640625 0.059375
6 0.9015625 0.6390625 0.0640625 0.0734375
1 0.0765625 0.5390625 0.1171875 0.084375