11 0.7796875 0.28203125 0.04765625 0.06328125
6 0.39453125 0.27578125 0.0390625 0.0796875
9 0.25078125 0.31953125 0.04609375 0.0515625
9 0.3078125 0.31875 0.04140625 0.04921875
9 0.3796875 0.3234375 0.0375 0.0515625
2 0.6203125 0.31953125 0.04765625 0.06640625
9 0.546875 0.3625 0.0390625 0.0546875
7 0.43203125 0.3640625 0.05546875 0.11640625
8 0.2984375 0.35078125 0.0515625 0.07109375
8 0.35078125 0.3875 0.05390625 0.071875
3 0.20546875 0.39609375 0.0390625 0.05234375
1 0.25 0.4125 0.0828125 0.11640625
6 0.35625 0.44375 0.05625 0.08359375
9 0.4359375 0.49375 0.0453125 0.05625
0 0.53515625 0.43984375 0.04765625 0.084375
9 0.6234375 0.4 0.040625 0.0546875
4 0.78828125 0.334375 0.06875 0.10703125
3 0.728125 0.44296875 0.05 0.05546875
10 0.834375 0.42265625 0.0859375 0.1125
2 0.62109375 0.4921875 0.0484375 0.075
3 0.5328125 0.5609375 0.04921875 0.0609375
3 0.63984375 0.55859375 0.0484375 0.05859375
3 0.7234375 0.5578125 0.0546875 0.06015625
3 0.30703125 0.56640625 0.05703125 0.0609375
3 0.21171875 0.5640625 0.06015625 0.0578125
11 0.31171875 0.62890625 0.071875 0.07734375
9 0.525 0.628125 0.0546875 0.06171875
2 0.62890625 0.63203125 0.05859375 0.0921875
5 0.8921875 0.634375 0.08203125 0.08046875
3 0.8875 0.56953125 0.0625 0.0640625
5 0.065625 0.61328125 0.0890625 0.07734375