7 0.4921875 0.23359375 0.03125 0.075
9 0.9265625 0.553125 0.046875 0.04375
1 0.778125 0.4625 0.053125 0.0875
6 0.7625 0.5640625 0.04375 0.065625
8 0.75625 0.67109375 0.05625 0.059375
6 0.63671875 0.73046875 0.046875 0.065625
0 0.4984375 0.62890625 0.040625 0.0640625
0 0.30234375 0.82265625 0.071875 0.065625
2 0.353125 0.465625 0.04375 0.05
5 0.13203125 0.63828125 0.0625 0.053125
2 0.74609375 0.7984375 0.065625 0.059375
5 0.43671875 0.821875 0.05625 0.059375
3 0.61171875 0.8578125 0.0453125 0.05
3 0.43671875 0.73515625 0.04375 0.046875
9 0.28203125 0.54609375 0.0421875 0.040625
8 0.14921875 0.78984375 0.075 0.0640625
4 0.2796875 0.64453125 0.075 0.08125