9 0.28515625 0.3078125 0.05 0.0375
9 0.315625 0.29765625 0.046875 0.0375
9 0.359375 0.30703125 0.0484375 0.040625
4 0.28671875 0.54296875 0.1 0.05
10 0.25703125 0.621875 0.1 0.0546875
8 0.3875 0.825 0.071875 0.0625
8 0.43828125 0.65625 0.071875 0.053125
6 0.51171875 0.37890625 0.078125 0.0546875
6 0.34609375 0.2078125 0.08125 0.0625
9 0.6453125 0.38515625 0.053125 0.05
9 0.471875 0.28359375 0.05625 0.05
9 0.40625 0.28984375 0.0546875 0.04375
9 0.4453125 0.453125 0.05 0.0421875
9 0.56484375 0.6 0.05 0.046875
11 0.35546875 0.39375 0.0640625 0.04375
11 0.2734375 0.2203125 0.0609375 0.053125
2 0.275 0.38046875 0.0640625 0.0484375
2 0.64140625 0.70625 0.071875 0.071875
0 0.39296875 0.3703125 0.084375 0.05
0 0.4796875 0.89140625 0.0796875 0.078125
5 0.6109375 0.909375 0.06875 0.078125
5 0.271875 0.7796875 0.059375 0.0453125
1 0.3703125 0.55 0.115625 0.05
3 0.36015625 0.48359375 0.05 0.0375
3 0.4453125 0.5609375 0.05 0.0390625
3 0.503125 0.59296875 0.05 0.046875
3 0.50390625 0.77265625 0.053125 0.053125
3 0.553125 0.7875 0.053125 0.0578125
3 0.44453125 0.75625 0.053125 0.046875
3 0.35 0.7078125 0.053125 0.0390625
3 0.3078125 0.7359375 0.05 0.0375
7 0.3828125 0.1859375 0.115625 0.0828125