9 0.66171875 0.32265625 0.0578125 0.06875
0 0.709375 0.59453125 0.08046875 0.078125
5 0.43203125 0.62265625 0.08984375 0.071875
3 0.490625 0.50234375 0.07734375 0.05859375
3 0.5765625 0.31953125 0.0609375 0.07265625
2 0.3796875 0.50703125 0.09765625 0.08359375
4 0.6765625 0.3609375 0.08515625 0.12578125
8 0.59296875 0.646875 0.08515625 0.0703125
8 0.47109375 0.24375 0.06640625 0.09921875
11 0.6359375 0.25234375 0.06875 0.0890625
9 0.55078125 0.39453125 0.0625 0.07265625
1 0.66484375 0.46484375 0.08671875 0.121875
7 0.41015625 0.28125 0.11015625 0.14921875
10 0.375 0.3671875 0.1125 0.12578125