3 0.90234375 0.234375 0.0515625 0.0296875
1 0.96484375 0.3265625 0.0703125 0.078125
11 0.86015625 0.43046875 0.0640625 0.06484375
6 0.77265625 0.38671875 0.0578125 0.08046875
9 0.7 0.3703125 0.04375 0.0515625
10 0.6421875 0.3203125 0.0625 0.1015625
7 0.5578125 0.29453125 0.0484375 0.11015625
8 0.496875 0.28984375 0.040625 0.06640625
9 0.32890625 0.3296875 0.040625 0.05234375
9 0.3578125 0.45078125 0.0453125 0.05546875
9 0.28125 0.5078125 0.05390625 0.05625
9 0.2546875 0.59765625 0.05625 0.0546875