7 0.5921875 0.340625 0.05234375 0.1109375
10 0.31796875 0.38984375 0.06796875 0.103125
9 0.3546875 0.3625 0.03125 0.02421875
4 0.37890625 0.42109375 0.06796875 0.103125
8 0.44296875 0.39375 0.04453125 0.0484375
0 0.44140625 0.459375 0.05078125 0.08203125
9 0.38515625 0.50234375 0.04296875 0.05703125
5 0.5234375 0.50078125 0.04921875 0.06640625
2 0.59296875 0.52890625 0.053125 0.075
11 0.64375 0.490625 0.0546875 0.06640625
9 0.740625 0.41640625 0.04765625 0.05234375
6 0.81796875 0.43359375 0.06171875 0.08125
2 0.86875 0.51796875 0.07265625 0.07109375
1 0.68984375 0.55546875 0.071875 0.11640625
3 0.79375 0.6265625 0.0609375 0.06015625
8 0.4625 0.6265625 0.05703125 0.0828125
9 0.3125 0.559375 0.0546875 0.05859375
9 0.2859375 0.65625 0.059375 0.05859375
0 0.6609375 0.74296875 0.0703125 0.08984375