9 0.0234375 0.58359375 0.04375 0.0359375
3 0.034375 0.18125 0.0453125 0.0375
3 0.25 0.5265625 0.0453125 0.03125
2 0.346875 0.79453125 0.053125 0.065625
6 0.3765625 0.86875 0.0625 0.065625
3 0.33125 0.61953125 0.04375 0.040625
5 0.31953125 0.359375 0.0546875 0.040625
7 0.3375 0.4171875 0.090625 0.04375
0 0.37578125 0.48515625 0.0640625 0.040625
3 0.41015625 0.53984375 0.04375 0.040625
4 0.4171875 0.634375 0.078125 0.065625
1 0.45234375 0.6984375 0.084375 0.075
11 0.48828125 0.7453125 0.05 0.0578125
2 0.36171875 0.30625 0.0546875 0.046875
10 0.38203125 0.371875 0.078125 0.05
9 0.42265625 0.440625 0.0421875 0.034375
6 0.44375 0.5046875 0.05625 0.0421875
9 0.4828125 0.57109375 0.0390625 0.040625
3 0.52890625 0.646875 0.040625 0.0453125
5 0.4515625 0.08359375 0.053125 0.0625
9 0.66484375 0.6203125 0.0375 0.0484375