6 0.51484375 0.28828125 0.04296875 0.09296875
9 0.46875 0.3296875 0.03671875 0.06171875
9 0.396875 0.353125 0.04140625 0.0640625
6 0.54375 0.32890625 0.0375 0.09921875
3 0.63828125 0.29609375 0.03828125 0.05546875
3 0.590625 0.31796875 0.028125 0.0578125
9 0.71484375 0.3109375 0.04296875 0.0609375
3 0.67578125 0.33359375 0.04296875 0.0609375
3 0.7328125 0.3515625 0.0390625 0.059375
9 0.85546875 0.384375 0.05625 0.06875
0 0.82421875 0.4015625 0.046875 0.1125
9 0.778125 0.45703125 0.0625 0.07578125
3 0.72734375 0.3921875 0.03046875 0.06796875
5 0.6921875 0.41796875 0.0609375 0.0828125
11 0.6234375 0.36328125 0.0515625 0.0765625
1 0.56328125 0.34453125 0.0515625 0.14609375
3 0.484375 0.371875 0.040625 0.0625
2 0.4328125 0.4015625 0.0546875 0.08671875
7 0.3359375 0.403125 0.0796875 0.16796875
9 0.2765625 0.42578125 0.05546875 0.07265625
3 0.18515625 0.45625 0.0640625 0.075
2 0.26171875 0.48359375 0.0734375 0.10703125
9 0.346875 0.540625 0.0671875 0.0859375
8 0.4390625 0.45546875 0.05078125 0.09765625
10 0.4546875 0.52421875 0.0796875 0.16875
5 0.50546875 0.43125 0.04609375 0.090625
4 0.54765625 0.4734375 0.07890625 0.16015625
0 0.6109375 0.44453125 0.05859375 0.11640625
9 0.7015625 0.49765625 0.0484375 0.07890625
8 0.65625 0.5421875 0.08125 0.1109375
11 0.5671875 0.61015625 0.0765625 0.11015625