7 0.4546875 0.309375 0.0375 0.096875
2 0.51875 0.2984375 0.0375 0.040625
2 0.51640625 0.346875 0.0359375 0.059375
5 0.5625 0.32734375 0.034375 0.046875
6 0.59921875 0.33984375 0.0359375 0.06875
9 0.65234375 0.38125 0.0375 0.046875
5 0.55390625 0.36796875 0.034375 0.0390625
3 0.39921875 0.39140625 0.034375 0.046875
8 0.5515625 0.41796875 0.040625 0.059375
3 0.45703125 0.41484375 0.034375 0.04375
8 0.2203125 0.40234375 0.053125 0.059375
4 0.275 0.42109375 0.0625 0.09375
9 0.36953125 0.44609375 0.0375 0.046875
9 0.4328125 0.471875 0.0375 0.046875
9 0.54453125 0.478125 0.0375 0.046875
3 0.33828125 0.575 0.04375 0.05
3 0.51875 0.53828125 0.040625 0.05
3 0.66328125 0.4953125 0.04375 0.0484375
0 0.79609375 0.48671875 0.059375 0.075
0 0.85546875 0.528125 0.065625 0.0765625
11 0.665625 0.55 0.053125 0.0609375
6 0.54375 0.73125 0.05625 0.0828125
10 0.0734375 0.4359375 0.0765625 0.09375