3 0.7203125 0.2828125 0.04296875 0.04453125
6 0.925 0.48984375 0.08828125 0.0703125
6 0.59140625 0.7203125 0.06640625 0.065625
9 0.73671875 0.328125 0.05078125 0.04921875
9 0.51875 0.33203125 0.03828125 0.05
3 0.3890625 0.396875 0.0375 0.05
3 0.13515625 0.37734375 0.0484375 0.05234375
4 0.884375 0.37734375 0.096875 0.08984375
1 0.52578125 0.53359375 0.06953125 0.09765625
10 0.2328125 0.43828125 0.07109375 0.09765625
8 0.23828125 0.3234375 0.0515625 0.0703125
2 0.60625 0.2109375 0.04296875 0.06171875
2 0.49375 0.2359375 0.0390625 0.0640625