5 0.459375 0.72109375 0.034375 0.0515625
2 0.41875 0.69375 0.0375 0.0515625
0 0.3796875 0.67265625 0.0390625 0.0640625
1 0.3078125 0.646875 0.05625 0.090625
4 0.27109375 0.59765625 0.065625 0.08125
0 0.2203125 0.5671875 0.053125 0.0609375
2 0.1484375 0.51796875 0.059375 0.0609375
5 0.10078125 0.4734375 0.0625 0.053125
3 0.51953125 0.68984375 0.028125 0.040625
3 0.4828125 0.67109375 0.03125 0.0421875
3 0.41796875 0.634375 0.0375 0.04375
3 0.3875 0.59609375 0.034375 0.0421875
3 0.33046875 0.56171875 0.0375 0.0421875
3 0.29140625 0.5234375 0.040625 0.0421875
3 0.21015625 0.48515625 0.046875 0.04375
3 0.17421875 0.44140625 0.05 0.04375
11 0.88984375 0.5453125 0.059375 0.0515625
8 0.8609375 0.50078125 0.065625 0.053125
6 0.8296875 0.46953125 0.040625 0.040625
7 0.79140625 0.43125 0.084375 0.08125
10 0.74453125 0.3703125 0.075 0.071875
6 0.69453125 0.31328125 0.059375 0.0546875
8 0.64453125 0.24765625 0.0671875 0.053125
11 0.575 0.18359375 0.0546875 0.046875
9 0.49765625 0.2390625 0.05 0.04375
9 0.54609375 0.28515625 0.04375 0.040625
9 0.60625 0.34375 0.040625 0.04375
9 0.65234375 0.40234375 0.0421875 0.040625
9 0.703125 0.4484375 0.0453125 0.04375
9 0.73828125 0.4859375 0.046875 0.040625
9 0.7796875 0.52890625 0.0421875 0.04375
9 0.82109375 0.56484375 0.0453125 0.04375