9 0.51875 0.26796875 0.02734375 0.03828125
9 0.5234375 0.4109375 0.03125 0.03984375
4 0.42578125 0.34375 0.034375 0.07578125
0 0.378125 0.37734375 0.03203125 0.059375
10 0.61171875 0.3421875 0.0421875 0.075
3 0.23203125 0.41484375 0.03203125 0.0390625
2 0.27890625 0.4359375 0.04375 0.04921875
5 0.26015625 0.4984375 0.04609375 0.04921875
5 0.3796875 0.57421875 0.0421875 0.046875
3 0.478125 0.64921875 0.03671875 0.0421875
3 0.93046875 0.66796875 0.0546875 0.040625
3 0.921875 0.78515625 0.059375 0.03984375
1 0.53515625 0.45625 0.04453125 0.07734375
6 0.78984375 0.5015625 0.05078125 0.0578125
6 0.56796875 0.5765625 0.04140625 0.05703125
8 0.7046875 0.571875 0.053125 0.05546875
8 0.36875 0.43125 0.04140625 0.053125
2 0.60625 0.6515625 0.05234375 0.05546875
0 0.52578125 0.70234375 0.0453125 0.05625
7 0.67265625 0.42578125 0.05546875 0.08125