3 0.24609375 0.02578125 0.04375 0.025
3 0.11015625 0.1546875 0.0421875 0.0265625
3 0.29921875 0.3328125 0.0453125 0.05390625
2 0.3875 0.371875 0.0515625 0.06875
9 0.58203125 0.41875 0.04140625 0.05625
5 0.4859375 0.415625 0.0484375 0.06484375
10 0.6015625 0.44609375 0.06875 0.109375
2 0.4765625 0.46484375 0.05234375 0.075
0 0.38359375 0.4609375 0.05625 0.0875
6 0.4921875 0.525 0.05390625 0.08359375
8 0.6234375 0.60234375 0.0734375 0.07265625
7 0.78203125 0.65 0.11484375 0.11875
6 0.14453125 0.66328125 0.0890625 0.0828125
11 0.52421875 0.77890625 0.0671875 0.07421875