10 0.74140625 0.33359375 0.096875 0.075
8 0.725 0.47578125 0.0703125 0.0484375
4 0.6953125 0.42734375 0.1046875 0.053125
9 0.63671875 0.48359375 0.053125 0.0484375
3 0.67421875 0.60234375 0.0484375 0.04375
3 0.63125 0.59453125 0.0421875 0.040625
9 0.5890625 0.4703125 0.053125 0.0515625
3 0.55546875 0.271875 0.05 0.0609375
3 0.49609375 0.3984375 0.05625 0.059375
9 0.52890625 0.5203125 0.05625 0.0515625
9 0.634375 0.66875 0.046875 0.046875
7 0.7390625 0.7734375 0.125 0.053125
2 0.64296875 0.76484375 0.0375 0.05625
6 0.5828125 0.74453125 0.0859375 0.05625
8 0.578125 0.63671875 0.0734375 0.0625
3 0.4453125 0.57109375 0.0609375 0.053125
5 0.5015625 0.728125 0.0765625 0.0578125
11 0.40625 0.44375 0.0734375 0.0734375
0 0.36171875 0.66875 0.0953125 0.071875
0 0.27890625 0.60625 0.096875 0.078125
6 0.37578125 0.09609375 0.08125 0.1109375