9 0.40234375 0.790625 0.0625 0.0546875
4 0.196875 0.6609375 0.11875 0.05625
6 0.21953125 0.52265625 0.090625 0.046875
3 0.23125 0.390625 0.059375 0.046875
9 0.26953125 0.57734375 0.0625 0.0421875
9 0.30078125 0.6546875 0.0625 0.046875
3 0.2640625 0.45546875 0.0625 0.040625
9 0.26484375 0.31796875 0.059375 0.053125
3 0.29765625 0.36796875 0.059375 0.053125
6 0.29609375 0.5015625 0.0921875 0.05625
11 0.34296875 0.4328125 0.071875 0.05625
3 0.334375 0.3234375 0.05625 0.05625
3 0.34453125 0.57421875 0.059375 0.046875
3 0.35078125 0.72578125 0.0546875 0.05
3 0.3953125 0.34921875 0.05625 0.046875
5 0.43359375 0.38828125 0.071875 0.0671875
5 0.434375 0.56875 0.06875 0.0578125
9 0.39375 0.2125 0.0578125 0.05625
0 0.43203125 0.27265625 0.0828125 0.084375
9 0.48984375 0.32578125 0.05625 0.065625
9 0.53046875 0.38828125 0.053125 0.059375
8 0.59921875 0.4703125 0.0703125 0.0796875
1 0.40703125 0.09140625 0.1140625 0.1328125
0 0.6546875 0.21875 0.06875 0.1
2 0.39296875 0.6359375 0.0734375 0.059375
8 0.47109375 0.634375 0.08125 0.0578125
7 0.41328125 0.73359375 0.1234375 0.078125
3 0.4421875 0.87734375 0.0609375 0.065625
2 0.4890625 0.80703125 0.084375 0.071875
9 0.56484375 0.734375 0.0609375 0.0625
10 0.58046875 0.640625 0.096875 0.0703125
11 0.6640625 0.559375 0.0671875 0.0625