6 0.33359375 0.4171875 0.0671875 0.03125
6 0.371875 0.45 0.06875 0.0375
9 0.3921875 0.51328125 0.04375 0.03125
1 0.43671875 0.521875 0.103125 0.046875
2 0.44765625 0.61953125 0.059375 0.0421875
2 0.46953125 0.775 0.0625 0.04375
7 0.43515625 0.70234375 0.103125 0.053125
8 0.4875 0.6671875 0.065625 0.04375
11 0.45078125 0.45 0.05625 0.040625
3 0.45546875 0.26328125 0.046875 0.040625
5 0.47890625 0.59609375 0.0578125 0.0421875
0 0.51328125 0.56328125 0.0765625 0.04375
4 0.51796875 0.6421875 0.096875 0.0578125
9 0.52265625 0.77265625 0.053125 0.04375
10 0.534375 0.7359375 0.1015625 0.065625
8 0.58359375 0.62734375 0.0671875 0.05625
9 0.56328125 0.54453125 0.053125 0.040625
9 0.61953125 0.49140625 0.05625 0.0453125
9 0.66484375 0.36796875 0.059375 0.05
0 0.52578125 0.16484375 0.0796875 0.0625
3 0.66875 0.68984375 0.059375 0.046875
9 0.64296875 0.82421875 0.059375 0.0546875