8 0.58359375 0.39921875 0.0765625 0.05
9 0.58515625 0.2953125 0.0578125 0.04375
7 0.66171875 0.53359375 0.121875 0.0515625
9 0.61640625 0.70546875 0.059375 0.0421875
6 0.621875 0.79140625 0.0921875 0.05
10 0.5796875 0.26328125 0.11875 0.0796875
4 0.56484375 0.34296875 0.121875 0.075
0 0.5390625 0.43046875 0.096875 0.0609375
11 0.5453125 0.65390625 0.075 0.05
5 0.51484375 0.5328125 0.078125 0.05
2 0.50703125 0.62421875 0.0921875 0.0546875
1 0.5140625 0.74765625 0.146875 0.071875
3 0.46015625 0.88203125 0.075 0.0609375
9 0.484375 0.38203125 0.071875 0.0515625
9 0.4203125 0.32734375 0.075 0.0640625
9 0.32265625 0.34453125 0.08125 0.06875