11 0.58515625 0.28125 0.04453125 0.04921875
11 0.471875 0.6328125 0.04296875 0.0390625
8 0.66484375 0.5515625 0.05234375 0.03671875
8 0.3 0.6296875 0.05390625 0.04609375
5 0.38359375 0.55390625 0.04921875 0.0359375
5 0.26171875 0.43671875 0.05390625 0.03671875
2 0.49140625 0.29375 0.04140625 0.05390625
6 0.66015625 0.31875 0.0546875 0.0484375
6 0.40078125 0.28359375 0.05 0.05390625
1 0.58671875 0.3640625 0.059375 0.05859375
4 0.66953125 0.425 0.0734375 0.04921875
0 0.403125 0.3640625 0.04921875 0.046875
9 0.309375 0.371875 0.05 0.0375
9 0.409375 0.425 0.03984375 0.034375
9 0.490625 0.49453125 0.0390625 0.028125
10 0.5734375 0.48203125 0.05703125 0.040625
7 0.31484375 0.490625 0.0765625 0.0375
3 0.4703125 0.54765625 0.03828125 0.0296875
3 0.57421875 0.55 0.040625 0.028125