6 0.19453125 0.17890625 0.0625 0.0625
0 0.1859375 0.34765625 0.065625 0.0515625
6 0.17421875 0.59453125 0.0671875 0.046875
4 0.25703125 0.70859375 0.075 0.06875
11 0.25546875 0.5078125 0.053125 0.04375
1 0.3109375 0.2625 0.071875 0.078125
5 0.39765625 0.521875 0.04375 0.04375
9 0.390625 0.69765625 0.0375 0.0484375
3 0.43984375 0.7578125 0.034375 0.05
9 0.49921875 0.51328125 0.0296875 0.0390625
3 0.5015625 0.33515625 0.03125 0.046875
10 0.51171875 0.15078125 0.04375 0.090625
2 0.60859375 0.625 0.034375 0.059375
9 0.646875 0.44375 0.03125 0.0421875
8 0.640625 0.28203125 0.0359375 0.0671875
3 0.6390625 0.15859375 0.03125 0.05625