8 0.41640625 0.60078125 0.0765625 0.05
9 0.41484375 0.7046875 0.0578125 0.04375
7 0.33828125 0.46640625 0.121875 0.0515625
9 0.38359375 0.29453125 0.059375 0.0421875
6 0.378125 0.20859375 0.0921875 0.05
10 0.4203125 0.73671875 0.11875 0.0796875
4 0.43515625 0.65703125 0.121875 0.075
0 0.4609375 0.56953125 0.096875 0.0609375
11 0.4546875 0.34609375 0.075 0.05
5 0.48515625 0.4671875 0.078125 0.05
2 0.49296875 0.37578125 0.0921875 0.0546875
1 0.4859375 0.25234375 0.146875 0.071875
3 0.53984375 0.11796875 0.075 0.0609375
9 0.515625 0.61796875 0.071875 0.0515625
9 0.5796875 0.67265625 0.075 0.0640625
9 0.67734375 0.65546875 0.08125 0.06875