6 0.16484375 0.61171875 0.071875 0.046875
0 0.18046875 0.37421875 0.065625 0.05
6 0.19296875 0.21171875 0.0640625 0.059375
4 0.240625 0.72734375 0.08125 0.071875
11 0.24453125 0.53125 0.05625 0.04375
1 0.29921875 0.29609375 0.078125 0.0734375
3 0.375 0.1921875 0.040625 0.053125
5 0.38046875 0.55 0.046875 0.04375
9 0.36953125 0.7234375 0.040625 0.0484375
3 0.415625 0.7859375 0.0375 0.053125
9 0.4796875 0.546875 0.034375 0.040625
3 0.4859375 0.371875 0.034375 0.0421875
10 0.496875 0.1921875 0.0515625 0.084375
2 0.54921875 0.8109375 0.040625 0.065625
2 0.5859375 0.66484375 0.0328125 0.065625
9 0.6265625 0.48515625 0.03125 0.0390625
2 0.62421875 0.325 0.034375 0.0625
3 0.62578125 0.2015625 0.03125 0.053125