6 0.684375 0.64609375 0.065625 0.07265625
6 0.34375 0.48828125 0.0578125 0.07734375
8 0.25703125 0.421875 0.0578125 0.07421875
8 0.75 0.48125 0.059375 0.06875
9 0.8640625 0.56328125 0.065625 0.05625
9 0.7796875 0.56953125 0.05859375 0.05703125
9 0.67421875 0.55625 0.04765625 0.05625
9 0.47578125 0.25234375 0.03515625 0.0484375
9 0.54765625 0.5 0.04375 0.05546875
9 0.359375 0.55234375 0.0515625 0.05078125
9 0.25625 0.5609375 0.0546875 0.0515625
9 0.125 0.5640625 0.0609375 0.053125
11 0.109375 0.621875 0.084375 0.06328125
11 0.4453125 0.49375 0.03984375 0.05859375
10 0.459375 0.5453125 0.059375 0.0953125
7 0.571875 0.603125 0.06328125 0.1078125
0 0.46875 0.3640625 0.0453125 0.08125
0 0.4046875 0.2359375 0.03984375 0.078125
5 0.2375 0.2484375 0.0453125 0.05625
5 0.76484375 0.24921875 0.0515625 0.059375
2 0.3234375 0.2515625 0.0421875 0.06796875
4 0.6359375 0.23203125 0.053125 0.1015625
1 0.55390625 0.2265625 0.04765625 0.1046875
3 0.21171875 0.2875 0.04375 0.05078125
3 0.32734375 0.29765625 0.0375 0.04921875
3 0.38828125 0.2953125 0.034375 0.05
3 0.47109375 0.2921875 0.03515625 0.04921875
3 0.5625 0.30703125 0.034375 0.0515625
3 0.61796875 0.29375 0.03671875 0.0515625
3 0.77734375 0.29140625 0.04453125 0.05234375
3 0.71328125 0.290625 0.04140625 0.04765625
2 0.72109375 0.32734375 0.05234375 0.06875