9 0.9515625 0.25078125 0.046875 0.0375
3 0.61015625 0.134375 0.0484375 0.021875
5 0.49765625 0.1390625 0.04375 0.028125
3 0.39453125 0.2171875 0.0375 0.03125
0 0.41796875 0.15546875 0.0703125 0.03125
9 0.52890625 0.140625 0.025 0.015625
9 0.52578125 0.1953125 0.025 0.015625
9 0.4921875 0.175 0.0265625 0.015625
9 0.490625 0.1578125 0.046875 0.0203125
0 0.6046875 0.165625 0.05 0.046875
9 0.37890625 0.33125 0.0375 0.053125
9 0.5484375 0.3265625 0.03125 0.0515625
8 0.45546875 0.30546875 0.040625 0.0671875
8 0.440625 0.36953125 0.040625 0.06875
3 0.51953125 0.30078125 0.03125 0.053125
3 0.5046875 0.35 0.034375 0.053125
5 0.4796875 0.40390625 0.0453125 0.0671875
2 0.62578125 0.35859375 0.0453125 0.0625
4 0.59765625 0.4 0.065625 0.1
7 0.53125 0.41640625 0.05625 0.1109375
11 0.58125 0.490625 0.053125 0.065625
6 0.65078125 0.45625 0.053125 0.08125
10 0.68203125 0.375 0.065625 0.1
1 0.7375 0.40859375 0.078125 0.1109375
6 0.7890625 0.4671875 0.0625 0.08125
3 0.72421875 0.5078125 0.059375 0.053125
3 0.79296875 0.56640625 0.059375 0.059375
3 0.65625 0.55234375 0.05 0.05625
3 0.5859375 0.56484375 0.046875 0.05625
9 0.71796875 0.6015625 0.059375 0.059375