9 0.2390625 0.271875 0.04140625 0.04453125
10 0.44609375 0.30703125 0.046875 0.08203125
7 0.6046875 0.35859375 0.05703125 0.08515625
4 0.27734375 0.40234375 0.06015625 0.07578125
0 0.27578125 0.46875 0.053125 0.05703125
6 0.7609375 0.37421875 0.053125 0.0609375
1 0.53515625 0.45703125 0.05390625 0.07734375
9 0.4453125 0.41875 0.03203125 0.0421875
3 0.17734375 0.59375 0.0515625 0.040625
3 0.70390625 0.6578125 0.04609375 0.03671875
6 0.69375 0.54765625 0.0515625 0.05234375
8 0.78203125 0.4796875 0.0671875 0.04921875
2 0.80625 0.59375 0.0703125 0.04375
2 0.26171875 0.584375 0.0640625 0.04453125
5 0.3375 0.65703125 0.05546875 0.04375
5 0.54375 0.653125 0.0453125 0.04375
0 0.8078125 0.67421875 0.065625 0.04453125
8 0.340625 0.528125 0.05625 0.0453125