3 0.5078125 0.35234375 0.03125 0.04375
2 0.45234375 0.37109375 0.04140625 0.05234375
9 0.38828125 0.39609375 0.03125 0.04375
9 0.54375 0.38203125 0.03046875 0.04296875
8 0.4546875 0.43125 0.0390625 0.05390625
3 0.60078125 0.40859375 0.0328125 0.0421875
2 0.54375 0.4359375 0.034375 0.05625
5 0.4953125 0.46328125 0.0390625 0.05234375
4 0.78359375 0.4265625 0.0703125 0.0796875
9 0.66328125 0.43984375 0.03828125 0.04140625
9 0.71171875 0.48046875 0.04296875 0.04140625
6 0.77734375 0.50546875 0.05390625 0.0625
6 0.65703125 0.50546875 0.0484375 0.06328125
3 0.7921875 0.59609375 0.05 0.04375
3 0.72578125 0.5453125 0.05390625 0.04453125
3 0.6765625 0.59375 0.04140625 0.0421875
11 0.60078125 0.540625 0.046875 0.0515625
3 0.61875 0.61171875 0.040625 0.04296875
9 0.7359375 0.6359375 0.05 0.04453125
3 0.5328125 0.57890625 0.04140625 0.04375
5 0.48125 0.5484375 0.0421875 0.05078125
9 0.37890625 0.53671875 0.03671875 0.04609375
9 0.415625 0.5765625 0.0375 0.04375
7 0.13359375 0.48046875 0.08515625 0.090625
0 0.22578125 0.58515625 0.059375 0.06640625
11 0.35234375 0.603125 0.0484375 0.05234375
10 0.3203125 0.690625 0.07265625 0.075
3 0.38515625 0.7625 0.04609375 0.04296875
1 0.4640625 0.7140625 0.05546875 0.07734375
0 0.4671875 0.60625 0.04375 0.06171875
9 0.5296875 0.66484375 0.0390625 0.04765625
8 0.61171875 0.70390625 0.0515625 0.06484375