11 0.321875 0.2484375 0.0578125 0.053125
6 0.315625 0.3421875 0.06875 0.0453125
9 0.3234375 0.4234375 0.046875 0.040625
10 0.30390625 0.50234375 0.0875 0.05
7 0.31171875 0.596875 0.09375 0.0625
8 0.321875 0.678125 0.065625 0.05625
9 0.44453125 0.78046875 0.0453125 0.05625
9 0.55546875 0.6109375 0.040625 0.046875
9 0.6359375 0.60546875 0.0390625 0.053125
9 0.72109375 0.53203125 0.0375 0.046875
4 0.48984375 0.6890625 0.071875 0.084375
0 0.496875 0.59921875 0.05625 0.05625
5 0.4953125 0.50078125 0.05 0.0484375
2 0.49140625 0.421875 0.0578125 0.046875
1 0.49296875 0.3265625 0.075 0.065625
3 0.496875 0.21484375 0.04375 0.053125
3 0.76953125 0.13203125 0.0265625 0.034375