9 0.52890625 0.72109375 0.04140625 0.04921875
9 0.4734375 0.67578125 0.04375 0.04765625
9 0.425 0.6171875 0.04375 0.04609375
9 0.61796875 0.41875 0.0390625 0.04609375
9 0.68125 0.3203125 0.0359375 0.046875
9 0.3953125 0.40390625 0.03671875 0.0453125
9 0.37890625 0.46953125 0.03984375 0.0484375
9 0.1484375 0.38515625 0.04765625 0.04765625
8 0.56953125 0.53515625 0.05234375 0.05546875
8 0.5515625 0.61484375 0.05 0.0515625
6 0.6328125 0.4703125 0.05078125 0.06875
6 0.33515625 0.65703125 0.0546875 0.06015625
7 0.5 0.4796875 0.04921875 0.08984375
10 0.2015625 0.41640625 0.0796875 0.0859375
11 0.234375 0.55859375 0.06015625 0.05546875
11 0.07578125 0.41640625 0.06484375 0.05859375
1 0.69140625 0.52265625 0.07734375 0.090625
4 0.821875 0.378125 0.07890625 0.08515625
5 0.5265625 0.22578125 0.0359375 0.0546875
5 0.94296875 0.4703125 0.065625 0.05625
2 0.76328125 0.4890625 0.06796875 0.05703125
2 0.571875 0.25859375 0.03828125 0.0640625
0 0.64140625 0.27734375 0.04140625 0.07265625
0 0.51484375 0.39453125 0.040625 0.0703125
3 0.40078125 0.346875 0.0359375 0.0453125
3 0.4671875 0.24765625 0.034375 0.04609375
3 0.52734375 0.29296875 0.03359375 0.04609375
3 0.565625 0.31796875 0.03125 0.04609375
3 0.625 0.346875 0.0375 0.046875
3 0.7578125 0.4234375 0.0453125 0.0453125
3 0.81953125 0.46015625 0.04609375 0.04375
3 0.6828125 0.62578125 0.0390625 0.04921875