11 0.3015625 0.18984375 0.0625 0.053125
11 0.2984375 0.44921875 0.0640625 0.0421875
6 0.2859375 0.5890625 0.08125 0.0390625
9 0.33515625 0.60546875 0.053125 0.0375
9 0.32890625 0.67890625 0.0515625 0.0421875
9 0.328125 0.73984375 0.053125 0.04375
8 0.36171875 0.6921875 0.0734375 0.0546875
7 0.37890625 0.553125 0.121875 0.05625
9 0.37890625 0.434375 0.05625 0.04375
9 0.42109375 0.35546875 0.05625 0.04375
1 0.35546875 0.18125 0.1125 0.0734375
3 0.46796875 0.24609375 0.05625 0.053125
10 0.45078125 0.13203125 0.115625 0.09375
0 0.4609375 0.45 0.0875 0.05
9 0.515625 0.5546875 0.059375 0.05
8 0.4015625 0.6390625 0.0765625 0.0546875
3 0.40625 0.7953125 0.05625 0.0375
1 0.425 0.74609375 0.121875 0.084375
2 0.51328125 0.7671875 0.0796875 0.078125
3 0.5890625 0.6953125 0.0625 0.0578125
3 0.5859375 0.7953125 0.0609375 0.065625
2 0.51796875 0.3609375 0.078125 0.053125
3 0.590625 0.2546875 0.065625 0.0609375
3 0.590625 0.34375 0.0625 0.053125
3 0.590625 0.45546875 0.0625 0.053125