4 0.43671875 0.95390625 0.109375 0.0921875
5 0.4921875 0.896875 0.0625 0.06875
3 0.54375 0.75625 0.0625 0.05625
3 0.1015625 0.71328125 0.05625 0.0578125
1 0.2890625 0.73515625 0.175 0.046875
11 0.19765625 0.58515625 0.065625 0.04375
6 0.30390625 0.5875 0.059375 0.0421875
9 0.396875 0.5875 0.0453125 0.034375
10 0.4828125 0.596875 0.05625 0.059375
7 0.5796875 0.58125 0.0625 0.059375
8 0.68203125 0.5859375 0.0578125 0.0484375
9 0.78515625 0.43515625 0.05625 0.034375
9 0.578125 0.3140625 0.046875 0.0390625
9 0.56953125 0.22109375 0.046875 0.0421875
9 0.49296875 0.13828125 0.0421875 0.05