6 0.91328125 0.23046875 0.08671875 0.09453125
6 0.821875 0.29296875 0.0796875 0.090625
9 0.71484375 0.303125 0.05859375 0.06171875
7 0.40546875 0.34140625 0.06875 0.1296875
2 0.2984375 0.36953125 0.0703125 0.08671875
2 0.51953125 0.37265625 0.05859375 0.07578125
1 0.65 0.40390625 0.09765625 0.1234375
11 0.74921875 0.4375 0.08359375 0.07265625
5 0.5203125 0.43828125 0.05859375 0.07109375
8 0.4234375 0.42734375 0.06171875 0.0671875
9 0.2703125 0.43828125 0.05078125 0.0328125
10 0.290625 0.5015625 0.09765625 0.103125
4 0.41875 0.50703125 0.08203125 0.09921875
0 0.5296875 0.515625 0.059375 0.0796875
9 0.521875 0.59609375 0.05625 0.05625
8 0.40234375 0.603125 0.078125 0.071875
9 0.13515625 0.625 0.08125 0.0578125
3 0.2703125 0.71015625 0.0703125 0.0546875
9 0.546875 0.7078125 0.0640625 0.05390625
9 0.675 0.828125 0.0796875 0.053125