6 0.47421875 0.703125 0.03125 0.071875
6 0.49609375 0.66171875 0.034375 0.071875
9 0.55625 0.63515625 0.0296875 0.046875
2 0.79921875 0.5265625 0.0515625 0.0734375
2 0.64375 0.5703125 0.04375 0.059375
7 0.72890625 0.5734375 0.0625 0.1125
11 0.46640625 0.58203125 0.040625 0.059375
11 0.346875 0.6265625 0.0375 0.0578125
3 0.28359375 0.596875 0.0375 0.0484375
0 0.15859375 0.540625 0.0625 0.0828125
1 0.5359375 0.5921875 0.0453125 0.1125
0 0.55390625 0.50859375 0.04375 0.08125
5 0.60234375 0.5390625 0.04375 0.0625
8 0.66875 0.52265625 0.053125 0.0734375
9 0.77734375 0.4734375 0.0515625 0.059375
10 0.72265625 0.46640625 0.071875 0.109375
9 0.7859375 0.33984375 0.059375 0.065625
4 0.63203125 0.49375 0.0609375 0.103125
8 0.5921875 0.4296875 0.0578125 0.071875
9 0.51796875 0.46015625 0.0453125 0.05625
9 0.44296875 0.4109375 0.0484375 0.0578125
3 0.62734375 0.33203125 0.053125 0.0625
9 0.30078125 0.38046875 0.0515625 0.0625