11 0.275 0.48046875 0.053125 0.0328125
8 0.3015625 0.53203125 0.059375 0.0375
6 0.32578125 0.57421875 0.0703125 0.0375
7 0.3375 0.61953125 0.0984375 0.05
10 0.3796875 0.68359375 0.0859375 0.0625
6 0.4203125 0.73046875 0.06875 0.053125
8 0.4640625 0.80390625 0.0625 0.0640625
11 0.5125 0.86328125 0.05625 0.0625
9 0.5484375 0.79453125 0.05 0.053125
9 0.5125 0.74296875 0.046875 0.05
9 0.465625 0.67890625 0.046875 0.040625
9 0.42734375 0.61328125 0.0453125 0.0375
9 0.3890625 0.5640625 0.046875 0.0375
9 0.33125 0.47265625 0.04375 0.034375
9 0.3 0.43359375 0.0453125 0.034375
9 0.41171875 0.39140625 0.046875 0.034375
3 0.52265625 0.41875 0.04375 0.040625
2 0.4640625 0.25234375 0.059375 0.05625
3 0.4234375 0.11484375 0.040625 0.05
3 0.45703125 0.13203125 0.0453125 0.053125
5 0.45546875 0.02734375 0.05625 0.0546875
3 0.5140625 0.171875 0.0421875 0.05625
3 0.546875 0.23515625 0.046875 0.05
3 0.6390625 0.334375 0.046875 0.0453125
3 0.7140625 0.37890625 0.05 0.0484375
3 0.753125 0.44609375 0.05 0.0484375
5 0.815625 0.36484375 0.05625 0.0625
2 0.765625 0.29453125 0.0515625 0.075
0 0.6875 0.23203125 0.0625 0.065625
4 0.62578125 0.1984375 0.0796875 0.090625
0 0.52109375 0.08671875 0.0578125 0.075
1 0.58203125 0.1171875 0.090625 0.09375