10 0.79765625 0.246875 0.0625 0.09375
6 0.23203125 0.3421875 0.059375 0.065625
3 0.48671875 0.33671875 0.0375 0.046875
4 0.721875 0.35625 0.0625 0.0890625
9 0.65390625 0.41875 0.0375 0.046875
9 0.5703125 0.4375 0.0359375 0.0453125
8 0.478125 0.4296875 0.0484375 0.0625
3 0.4234375 0.4390625 0.040625 0.0453125
11 0.31015625 0.50078125 0.0625 0.053125
0 0.39765625 0.4921875 0.05625 0.0609375
9 0.4859375 0.49609375 0.04375 0.04375
3 0.74765625 0.48125 0.04375 0.04375
3 0.65859375 0.50078125 0.0375 0.04375
7 0.8875 0.58125 0.090625 0.0796875
9 0.6765625 0.5484375 0.0421875 0.0453125
3 0.484375 0.5546875 0.04375 0.040625
2 0.675 0.6140625 0.0484375 0.05625
6 0.571875 0.61875 0.0484375 0.05625
5 0.47109375 0.628125 0.059375 0.05
0 0.27578125 0.63203125 0.0703125 0.05625