5 0.23203125 0.82421875 0.0625 0.059375
9 0.28125 0.22578125 0.053125 0.053125
2 0.39140625 0.76640625 0.0625 0.06875
10 0.3796875 0.66953125 0.09375 0.071875
9 0.40390625 0.57265625 0.05 0.0421875
6 0.39609375 0.4828125 0.071875 0.046875
9 0.4046875 0.390625 0.05 0.04375
3 0.3953125 0.2828125 0.0515625 0.05
11 0.46953125 0.20703125 0.059375 0.071875
4 0.46875 0.371875 0.0828125 0.071875
1 0.45078125 0.26953125 0.09375 0.0859375
3 0.46328125 0.48828125 0.04375 0.0453125
0 0.45703125 0.56953125 0.065625 0.0515625
1 0.44140625 0.6796875 0.09375 0.078125
5 0.46484375 0.778125 0.0578125 0.06875
3 0.61171875 0.48984375 0.04375 0.046875
2 0.69140625 0.25 0.053125 0.084375
6 0.68203125 0.125 0.053125 0.09375
3 0.6828125 0.71640625 0.0421875 0.059375