5 0.815625 0.19375 0.0671875 0.07109375
3 0.73515625 0.2453125 0.05078125 0.06171875
3 0.63984375 0.2796875 0.04765625 0.059375
4 0.4328125 0.1875 0.06328125 0.109375
3 0.4328125 0.26875 0.05 0.059375
0 0.34765625 0.18203125 0.0515625 0.08671875
3 0.32734375 0.27109375 0.05 0.05859375
2 0.25234375 0.19921875 0.05546875 0.08125
3 0.2484375 0.2734375 0.05234375 0.05625
5 0.15234375 0.21171875 0.0640625 0.07109375
10 0.8453125 0.31796875 0.09375 0.10234375
8 0.43203125 0.340625 0.0640625 0.07109375
1 0.55 0.39765625 0.071875 0.10546875
3 0.6375 0.4765625 0.0546875 0.05546875
3 0.434375 0.415625 0.05234375 0.0578125
3 0.30703125 0.41015625 0.04921875 0.059375
9 0.178125 0.41171875 0.0609375 0.059375
9 0.45078125 0.5046875 0.05 0.05390625
9 0.19453125 0.4953125 0.05703125 0.05390625
2 0.8828125 0.56328125 0.0796875 0.06796875
0 0.54296875 0.57265625 0.06328125 0.06953125
8 0.0625 0.571875 0.0859375 0.0625
9 0.07421875 0.64140625 0.06796875 0.05234375
9 0.3171875 0.64375 0.0578125 0.05
9 0.6734375 0.64375 0.05859375 0.0515625
9 0.746875 0.66171875 0.059375 0.05078125
9 0.9109375 0.6484375 0.071875 0.05078125
11 0.9234375 0.73515625 0.08671875 0.05625
6 0.6921875 0.73359375 0.06953125 0.0640625
7 0.590625 0.73828125 0.08359375 0.07890625
6 0.3109375 0.7375 0.07109375 0.0625
11 0.05859375 0.71953125 0.08359375 0.0625