3 0.62890625 0.071875 0.0625 0.03125
6 0.490625 0.17109375 0.0390625 0.0703125
0 0.36015625 0.23046875 0.04375 0.06875
6 0.1484375 0.32734375 0.0703125 0.065625
11 0.559375 0.2109375 0.0390625 0.059375
1 0.52109375 0.2796875 0.046875 0.09375
11 0.284375 0.35 0.05625 0.05625
4 0.11796875 0.434375 0.0984375 0.06875
3 0.65859375 0.29296875 0.0375 0.05
3 0.51484375 0.46171875 0.040625 0.0421875
3 0.6234375 0.45625 0.040625 0.04375
3 0.2203125 0.61171875 0.0515625 0.034375
3 0.34453125 0.6390625 0.05 0.034375
3 0.87890625 0.48125 0.0515625 0.0375
5 0.38828125 0.46015625 0.053125 0.05
9 0.2328125 0.54140625 0.059375 0.040625
9 0.48125 0.5375 0.04375 0.034375
9 0.6703125 0.6234375 0.046875 0.034375
9 0.5515625 0.60234375 0.040625 0.034375
10 0.7734375 0.37734375 0.075 0.071875
2 0.48984375 0.68203125 0.05 0.0421875
2 0.3328125 0.73828125 0.059375 0.04375
8 0.7875 0.5375 0.0625 0.053125