10 0.63984375 0.31328125 0.07265625 0.12578125
8 0.7796875 0.44453125 0.06640625 0.09296875
8 0.315625 0.3953125 0.071875 0.078125
6 0.66640625 0.5125 0.07578125 0.09921875
9 0.41484375 0.359375 0.04765625 0.0640625
9 0.52109375 0.3984375 0.04453125 0.0640625
2 0.2890625 0.60390625 0.08984375 0.09609375
2 0.5390625 0.33828125 0.0546875 0.08125
5 0.17109375 0.45234375 0.07421875 0.0796875
5 0.43203125 0.52578125 0.06484375 0.08359375
0 0.55078125 0.60703125 0.07578125 0.10234375
1 0.81171875 0.5703125 0.1171875 0.14140625
4 0.54296875 0.43984375 0.0625 0.1234375
3 0.3421875 0.35859375 0.04765625 0.0671875
3 0.3171875 0.471875 0.0546875 0.065625