9 0.67890625 0.65390625 0.0453125 0.03828125
9 0.4296875 0.01953125 0.02890625 0.03828125
3 0.8375 0.03046875 0.0359375 0.0453125
5 0.81015625 0.275 0.04921875 0.05546875
2 0.58515625 0.3 0.03125 0.0578125
5 0.503125 0.29375 0.040625 0.05234375
3 0.28671875 0.315625 0.03984375 0.04453125
7 0.49609375 0.32421875 0.046875 0.09296875
10 0.56796875 0.3375 0.04296875 0.0828125
0 0.475 0.3859375 0.04296875 0.0640625
9 0.54609375 0.4 0.03671875 0.0421875
3 0.303125 0.41796875 0.04375 0.04140625
3 0.46171875 0.43828125 0.0390625 0.0421875
6 0.5296875 0.44296875 0.0421875 0.05703125
4 0.4125 0.48359375 0.06484375 0.071875
9 0.51484375 0.5046875 0.0390625 0.0390625
2 0.16796875 0.51484375 0.07421875 0.05546875
1 0.40625 0.54296875 0.0671875 0.07265625
3 0.51171875 0.575 0.04609375 0.03984375
11 0.39375 0.59765625 0.053125 0.046875
6 0.13984375 0.58359375 0.078125 0.05234375