7 0.55546875 0.3484375 0.05 0.103125
10 0.29609375 0.38984375 0.06015625 0.09765625
9 0.33046875 0.36640625 0.0296875 0.02578125
4 0.35390625 0.4203125 0.059375 0.096875
2 0.41640625 0.403125 0.04140625 0.0609375
0 0.4125 0.4578125 0.04453125 0.07578125
9 0.69296875 0.42421875 0.04453125 0.0484375
6 0.76328125 0.4421875 0.059375 0.0734375
2 0.80546875 0.521875 0.0671875 0.065625
11 0.6015625 0.4921875 0.0515625 0.0609375
9 0.35703125 0.49765625 0.040625 0.05390625
5 0.48828125 0.49921875 0.04609375 0.06328125
2 0.55234375 0.5265625 0.04921875 0.07109375
1 0.6421875 0.553125 0.06875 0.10703125
3 0.734375 0.6203125 0.05625 0.05546875
9 0.2890625 0.55078125 0.05 0.05546875
9 0.26484375 0.640625 0.053125 0.0546875
0 0.61015625 0.7234375 0.06484375 0.08203125