3 0.7515625 0.8390625 0.028125 0.0484375
3 0.69765625 0.82578125 0.046875 0.0390625
3 0.72265625 0.93359375 0.034375 0.0359375
3 0.70703125 0.971875 0.03125 0.05
9 0.7015625 0.90390625 0.0375 0.05
6 0.73515625 0.5015625 0.06875 0.034375
6 0.68984375 0.49921875 0.0703125 0.0375
9 0.65546875 0.45390625 0.0484375 0.03125
9 0.6359375 0.38984375 0.046875 0.0375
0 0.6453125 0.27578125 0.075 0.04375
3 0.55 0.20625 0.053125 0.046875
9 0.5734375 0.278125 0.053125 0.040625
3 0.6046875 0.334375 0.046875 0.03125
7 0.5765625 0.31484375 0.1125 0.059375
2 0.58125 0.39453125 0.0640625 0.0484375
3 0.609375 0.4484375 0.05 0.0375
1 0.61484375 0.4984375 0.109375 0.046875
11 0.6109375 0.56015625 0.0609375 0.040625
11 0.665625 0.65390625 0.0578125 0.0375
3 0.64140625 0.72578125 0.0484375 0.0375
5 0.55234375 0.5859375 0.0625 0.046875
9 0.51328125 0.63671875 0.053125 0.04375
9 0.44375 0.653125 0.0546875 0.0484375
9 0.4828125 0.55859375 0.0546875 0.046875
8 0.44765625 0.50625 0.071875 0.053125
0 0.528125 0.51015625 0.078125 0.0453125
5 0.55390625 0.44765625 0.059375 0.046875
4 0.5046875 0.446875 0.103125 0.0515625
8 0.53125 0.3890625 0.071875 0.0453125
10 0.46953125 0.36875 0.1046875 0.059375
9 0.47109375 0.30078125 0.05625 0.05
2 0.521875 0.253125 0.075 0.05625