11 0.39609375 0.7328125 0.040625 0.065625
6 0.31328125 0.70625 0.05625 0.08125
6 0.5859375 0.73203125 0.0515625 0.08125
2 0.49296875 0.71953125 0.046875 0.06875
1 0.38828125 0.67265625 0.0625 0.1046875
4 0.290625 0.61015625 0.084375 0.0921875
0 0.58671875 0.659375 0.05 0.078125
9 0.68515625 0.64296875 0.0546875 0.0546875
9 0.4890625 0.52265625 0.046875 0.046875
9 0.58046875 0.5921875 0.05 0.053125
5 0.7453125 0.58046875 0.059375 0.059375
7 0.690625 0.53828125 0.0921875 0.0828125
10 0.39375 0.55 0.065625 0.0828125
8 0.2796875 0.47109375 0.0625 0.065625
3 0.38671875 0.46171875 0.0484375 0.046875
3 0.51015625 0.4625 0.046875 0.04375
5 0.6125 0.45625 0.0609375 0.05625
8 0.7171875 0.371875 0.071875 0.05625
11 0.50859375 0.3640625 0.05625 0.053125