6 0.75625 0.28359375 0.05 0.07265625
3 0.56328125 0.2921875 0.03203125 0.0484375
11 0.44921875 0.32890625 0.04296875 0.05859375
3 0.36875 0.36015625 0.0390625 0.0515625
3 0.30390625 0.3625 0.03984375 0.05078125
9 0.54140625 0.35 0.03828125 0.05078125
5 0.625 0.3640625 0.04453125 0.059375
8 0.69140625 0.321875 0.0453125 0.06328125
9 0.69140625 0.4140625 0.046875 0.05
3 0.79453125 0.41796875 0.04765625 0.05234375
9 0.79453125 0.46015625 0.0515625 0.053125
8 0.846875 0.51015625 0.078125 0.0703125
9 0.371875 0.4109375 0.04140625 0.05078125
0 0.43828125 0.446875 0.04609375 0.078125
3 0.375 0.46015625 0.040625 0.0515625
7 0.2640625 0.496875 0.08046875 0.10859375
3 0.1046875 0.6375 0.0640625 0.0578125
10 0.31796875 0.615625 0.0796875 0.09921875
6 0.4359375 0.6046875 0.0546875 0.0796875
9 0.740625 0.56171875 0.0578125 0.0546875
5 0.87578125 0.64609375 0.08046875 0.06875