7 0.515625 0.3078125 0.0453125 0.10625
2 0.46015625 0.3109375 0.03828125 0.059375
9 0.39296875 0.315625 0.01953125 0.0140625
2 0.55859375 0.35859375 0.034375 0.06484375
8 0.471875 0.35703125 0.04140625 0.0640625
0 0.45625 0.39765625 0.04375 0.08125
4 0.40625 0.3625 0.05390625 0.1
10 0.359375 0.3359375 0.05546875 0.10078125
8 0.3421875 0.4 0.0453125 0.071875
9 0.2359375 0.3546875 0.03984375 0.05078125
3 0.22421875 0.40546875 0.04765625 0.05234375
9 0.3265625 0.47109375 0.04609375 0.05703125
9 0.39921875 0.43125 0.03828125 0.0546875
5 0.515625 0.3796875 0.04296875 0.06171875
1 0.5875 0.3796875 0.06015625 0.1140625
11 0.63515625 0.43828125 0.05234375 0.0640625
9 0.74140625 0.3859375 0.04453125 0.05078125
6 0.80859375 0.40078125 0.0578125 0.08125
6 0.93828125 0.403125 0.06796875 0.08125
11 0.8015625 0.5046875 0.065625 0.07109375
3 0.74921875 0.5546875 0.05546875 0.06015625
0 0.603125 0.62890625 0.06171875 0.09375
9 0.2890625 0.5421875 0.05078125 0.0578125