7 0.36171875 0.36484375 0.05234375 0.103125
9 0.5109375 0.359375 0.034375 0.046875
6 0.5796875 0.33984375 0.0390625 0.071875
8 0.3328125 0.45234375 0.04765625 0.03125
9 0.215625 0.50625 0.0359375 0.05234375
10 0.25390625 0.528125 0.075 0.0953125
11 0.5671875 0.4359375 0.04375 0.059375
2 0.6875 0.3703125 0.04296875 0.0625
3 0.77109375 0.44921875 0.04765625 0.05
1 0.69453125 0.4453125 0.07109375 0.09765625
2 0.5984375 0.47578125 0.04609375 0.0671875
5 0.525 0.49375 0.046875 0.06015625
0 0.43828125 0.50703125 0.04453125 0.0734375
4 0.3515625 0.51484375 0.06796875 0.09296875
9 0.45078125 0.5640625 0.04296875 0.05078125
9 0.49765625 0.63125 0.04765625 0.053125
9 0.61796875 0.690625 0.05234375 0.05546875
0 0.8609375 0.5421875 0.07265625 0.075