9 0.4109375 0.1546875 0.071875 0.05625
9 0.425 0.2796875 0.0640625 0.053125
9 0.43359375 0.3875 0.06875 0.046875
9 0.43984375 0.4875 0.0671875 0.046875
9 0.459375 0.60390625 0.065625 0.05
9 0.46875 0.71953125 0.0640625 0.046875
9 0.4796875 0.803125 0.065625 0.040625
9 0.49140625 0.91796875 0.0640625 0.05625
11 0.35234375 0.1609375 0.0875 0.059375
8 0.36484375 0.28203125 0.0953125 0.0609375
6 0.38125 0.41328125 0.103125 0.059375
6 0.425 0.7671875 0.1 0.065625
8 0.43359375 0.8484375 0.084375 0.06875
11 0.4375 0.965625 0.084375 0.06875
7 0.41953125 0.66171875 0.14375 0.08125
10 0.41328125 0.52890625 0.13125 0.071875
3 0.57578125 0.62734375 0.059375 0.046875
3 0.59609375 0.42890625 0.059375 0.0515625
5 0.69765625 0.12421875 0.0703125 0.05
5 0.7484375 0.6765625 0.0640625 0.04375
2 0.7140625 0.2109375 0.071875 0.04375
2 0.74921875 0.61875 0.071875 0.040625
0 0.73203125 0.2921875 0.0859375 0.0421875
0 0.74453125 0.53984375 0.0890625 0.0453125
4 0.7453125 0.36875 0.10625 0.053125
1 0.75859375 0.46875 0.11875 0.05
3 0.7125 0.62890625 0.0578125 0.0375
3 0.69296875 0.5640625 0.05625 0.0359375
3 0.68203125 0.38515625 0.05 0.040625
3 0.67265625 0.29453125 0.05625 0.034375
3 0.66640625 0.22578125 0.0546875 0.0375
3 0.68671875 0.484375 0.0546875 0.0375