3 0.69921875 0.5125 0.05 0.034375
4 0.6421875 0.71328125 0.103125 0.078125
3 0.65 0.40234375 0.053125 0.0390625
9 0.6046875 0.62265625 0.053125 0.046875
9 0.6140625 0.53515625 0.053125 0.0390625
8 0.646875 0.44921875 0.071875 0.040625
11 0.6375 0.2671875 0.065625 0.046875
0 0.6296875 0.34765625 0.0828125 0.046875
9 0.5953125 0.425 0.053125 0.040625
3 0.54765625 0.584375 0.05 0.0421875
3 0.53828125 0.678125 0.053125 0.0484375
3 0.55390625 0.39140625 0.0515625 0.040625
9 0.5078125 0.5765625 0.05625 0.0453125
6 0.49296875 0.43359375 0.084375 0.053125
7 0.4453125 0.759375 0.115625 0.1
2 0.4625 0.5328125 0.0765625 0.05
5 0.50703125 0.33515625 0.0703125 0.0546875
0 0.5625 0.15234375 0.090625 0.059375