3 0.62265625 0.37109375 0.03203125 0.0453125
9 0.4796875 0.403125 0.03671875 0.04609375
0 0.3328125 0.3921875 0.046875 0.07109375
3 0.4015625 0.42890625 0.0375 0.04765625
8 0.709375 0.42265625 0.0421875 0.065625
3 0.63359375 0.4640625 0.03671875 0.04921875
9 0.48203125 0.47109375 0.03984375 0.0484375
0 0.30703125 0.45859375 0.05078125 0.07734375
9 0.79453125 0.46171875 0.0390625 0.0515625
3 0.21640625 0.5203125 0.05078125 0.05078125
7 0.35859375 0.54453125 0.071875 0.11171875
3 0.55859375 0.55859375 0.04296875 0.0546875
9 0.72421875 0.51953125 0.04609375 0.05546875
2 0.8484375 0.56015625 0.0546875 0.0734375
11 0.8703125 0.61796875 0.06640625 0.07265625
6 0.8078125 0.684375 0.07265625 0.0890625
5 0.32734375 0.678125 0.06640625 0.07421875
4 0.11328125 0.66953125 0.1078125 0.1125