7 0.40234375 0.3875 0.053125 0.109375
2 0.3265625 0.40078125 0.05234375 0.065625
9 0.2828125 0.4453125 0.03984375 0.053125
10 0.25859375 0.46171875 0.075 0.10390625
8 0.38203125 0.45 0.04921875 0.0671875
4 0.33984375 0.4796875 0.071875 0.103125
2 0.47734375 0.42734375 0.040625 0.0671875
5 0.453125 0.46328125 0.04609375 0.06328125
1 0.54375 0.44765625 0.0546875 0.11328125
9 0.65703125 0.4109375 0.03984375 0.05
6 0.7375 0.41171875 0.04921875 0.07890625
6 0.84140625 0.384375 0.053125 0.07890625
11 0.6203125 0.4921875 0.05 0.06484375
11 0.821875 0.51640625 0.06171875 0.06953125
3 0.8265625 0.58125 0.0578125 0.05859375
0 0.7953125 0.7078125 0.07734375 0.0921875
0 0.42265625 0.503125 0.053125 0.08203125
0 0.3859375 0.55703125 0.04453125 0.0578125
8 0.29453125 0.540625 0.065625 0.07578125
9 0.11484375 0.52109375 0.0546875 0.05546875
3 0.16015625 0.5875 0.059375 0.059375
9 0.3515625 0.62734375 0.05390625 0.0609375
9 0.3859375 0.728125 0.05703125 0.0625