5 0.2125 0.70703125 0.0484375 0.059375
4 0.3578125 0.72734375 0.0515625 0.096875
3 0.29375 0.67109375 0.0390625 0.05
3 0.365625 0.671875 0.0359375 0.0484375
9 0.51953125 0.7078125 0.0375 0.05
0 0.58515625 0.72421875 0.040625 0.075
2 0.6609375 0.709375 0.046875 0.065625
5 0.74296875 0.7125 0.046875 0.05625
3 0.5296875 0.671875 0.0375 0.05
3 0.60703125 0.66796875 0.040625 0.05
3 0.665625 0.6671875 0.0421875 0.05
3 0.76875 0.67578125 0.04375 0.05
9 0.4546875 0.62578125 0.0375 0.0515625
6 0.38203125 0.6078125 0.0453125 0.08125
0 0.54296875 0.60703125 0.046875 0.0796875
3 0.7046875 0.5828125 0.046875 0.053125
9 0.6390625 0.54140625 0.0453125 0.0515625
2 0.29140625 0.63984375 0.05 0.06875
1 0.2765625 0.6046875 0.06875 0.1125
3 0.19140625 0.5296875 0.0453125 0.0515625
8 0.3578125 0.5390625 0.0515625 0.071875
7 0.4453125 0.55234375 0.053125 0.109375
10 0.775 0.446875 0.096875 0.0984375
9 0.890625 0.428125 0.065625 0.05625
9 0.56953125 0.48984375 0.0453125 0.05625
8 0.2796875 0.48359375 0.05625 0.071875
9 0.1765625 0.40390625 0.0609375 0.0578125
9 0.26015625 0.40390625 0.05625 0.0578125
9 0.3609375 0.415625 0.0453125 0.05625
6 0.36875 0.35 0.0578125 0.0796875
11 0.56953125 0.3578125 0.059375 0.065625
11 0.91875 0.3640625 0.0859375 0.065625