9 0.53359375 0.14296875 0.0640625 0.0890625
9 0.5265625 0.9515625 0.071875 0.0796875
9 0.2921875 0.7453125 0.065625 0.053125
9 0.225 0.40546875 0.0625 0.053125
6 0.34765625 0.7828125 0.1015625 0.08125
11 0.2546875 0.5375 0.08125 0.0453125
10 0.2828125 0.33671875 0.1296875 0.071875
8 0.315625 0.24765625 0.090625 0.0671875
3 0.30859375 0.10078125 0.0625 0.0625
3 0.5734375 0.7390625 0.0609375 0.065625
2 0.2703125 0.65 0.084375 0.046875
2 0.36484375 0.59140625 0.075 0.0625
5 0.29921875 0.47734375 0.078125 0.053125
0 0.37890625 0.37265625 0.09375 0.05625
0 0.47734375 0.5421875 0.090625 0.0609375
5 0.43515625 0.7109375 0.078125 0.059375
6 0.46953125 0.35703125 0.0921875 0.075
7 0.36015625 0.1734375 0.1375 0.115625