2 0.48359375 0.346875 0.0390625 0.0640625
10 0.56015625 0.33125 0.05 0.08984375
3 0.17109375 0.05390625 0.04765625 0.02109375
7 0.72265625 0.36796875 0.065625 0.10078125
1 0.56953125 0.37265625 0.05546875 0.09921875
9 0.46640625 0.39140625 0.034375 0.03671875
8 0.65234375 0.43984375 0.04609375 0.065625
4 0.47734375 0.4375 0.05390625 0.08828125
11 0.8359375 0.4984375 0.065625 0.05546875
6 0.5609375 0.4984375 0.04765625 0.06640625
5 0.390625 0.50234375 0.053125 0.05625
0 0.46875 0.5625 0.04765625 0.06484375
2 0.290625 0.56171875 0.0625 0.06328125
3 0.178125 0.64140625 0.059375 0.04765625
6 0.7484375 0.70078125 0.06953125 0.06015625