8 0.5546875 0.2515625 0.03515625 0.05390625
11 0.75703125 0.409375 0.04609375 0.0515625
6 0.3484375 0.40625 0.0421875 0.0640625
9 0.3171875 0.48125 0.0421875 0.04375
3 0.45 0.6390625 0.0421875 0.0421875
3 0.3078125 0.54375 0.0421875 0.04140625
4 0.49921875 0.5 0.04609375 0.07890625
2 0.57890625 0.57265625 0.04453125 0.0578125
5 0.50625 0.325 0.0328125 0.05
5 0.44453125 0.25859375 0.0296875 0.0484375
2 0.21796875 0.3609375 0.05078125 0.05546875
1 0.7078125 0.35859375 0.059375 0.09140625
0 0.56328125 0.4 0.0375 0.06484375