6 0.82265625 0.28671875 0.0703125 0.0625
4 0.728125 0.175 0.0796875 0.09375
1 0.71171875 0.64453125 0.084375 0.0625
6 0.83828125 0.7203125 0.071875 0.0546875
9 0.5921875 0.20546875 0.040625 0.0609375
3 0.5359375 0.1484375 0.0359375 0.065625
9 0.4921875 0.4109375 0.03125 0.0484375
3 0.50390625 0.59921875 0.034375 0.046875
10 0.50859375 0.7890625 0.053125 0.084375
2 0.38984375 0.14453125 0.040625 0.075
2 0.36953125 0.30390625 0.0375 0.078125
8 0.3609375 0.66875 0.0390625 0.0625
3 0.37265625 0.80390625 0.0328125 0.0546875