3 0.5125 0.30078125 0.03359375 0.05
4 0.71328125 0.3578125 0.078125 0.10234375
3 0.40234375 0.35 0.0390625 0.053125
9 0.62265625 0.3953125 0.046875 0.05390625
9 0.53515625 0.3859375 0.0390625 0.053125
8 0.44921875 0.353125 0.040625 0.07109375
11 0.2671875 0.3625 0.04609375 0.06640625
0 0.34765625 0.3703125 0.04609375 0.0828125
9 0.425 0.4046875 0.040625 0.05234375
3 0.584375 0.45234375 0.0421875 0.04921875
3 0.678125 0.46171875 0.0484375 0.05390625
3 0.39140625 0.44609375 0.04140625 0.0515625
9 0.5765625 0.4921875 0.0453125 0.05546875
6 0.43359375 0.50703125 0.05234375 0.08515625
7 0.759375 0.5546875 0.09921875 0.11640625
2 0.5328125 0.5375 0.04921875 0.0765625
5 0.33515625 0.49296875 0.0546875 0.0703125
0 0.15234375 0.4375 0.06015625 0.08984375