2 0.79453125 0.0171875 0.0640625 0.034375
9 0.9734375 0.0265625 0.02734375 0.025
9 0.76171875 0.03515625 0.02265625 0.01796875
6 0.60703125 0.30390625 0.046875 0.08515625
9 0.465625 0.3296875 0.0453125 0.05625
5 0.3703125 0.34609375 0.053125 0.0671875
7 0.3515625 0.38515625 0.078125 0.11328125
9 0.490625 0.40234375 0.04375 0.05546875
0 0.540625 0.3515625 0.04765625 0.084375
2 0.6734375 0.35 0.04921875 0.0734375
11 0.76796875 0.38359375 0.0625 0.0671875
6 0.80625 0.4359375 0.07578125 0.0796875
1 0.69765625 0.4203125 0.0796875 0.1140625
9 0.4890625 0.490625 0.04765625 0.05234375
3 0.41640625 0.521875 0.04765625 0.05390625
5 0.3375 0.4796875 0.0640625 0.0671875
8 0.1828125 0.48671875 0.0828125 0.0734375
11 0.31796875 0.58828125 0.06328125 0.0640625
10 0.57265625 0.5046875 0.06484375 0.09296875
4 0.71953125 0.5125 0.09296875 0.0953125
3 0.5046875 0.58203125 0.04921875 0.0515625
8 0.5921875 0.628125 0.06171875 0.071875