9 0.75 0.53828125 0.053125 0.0375
9 0.71875 0.66796875 0.059375 0.0390625
9 0.70859375 0.353125 0.0546875 0.046875
0 0.7484375 0.60546875 0.090625 0.040625
3 0.67578125 0.290625 0.05625 0.046875
6 0.628125 0.27578125 0.090625 0.0703125
3 0.65 0.34296875 0.05625 0.053125
3 0.69296875 0.40234375 0.053125 0.05
3 0.72109375 0.45390625 0.034375 0.0359375
11 0.67265625 0.4765625 0.071875 0.0546875
6 0.65 0.4109375 0.096875 0.0625
9 0.59375 0.34140625 0.0625 0.05625
3 0.703125 0.546875 0.059375 0.0375
1 0.678125 0.5234375 0.1390625 0.078125
5 0.6953125 0.6046875 0.075 0.046875
5 0.6515625 0.61328125 0.025 0.034375
3 0.60625 0.4734375 0.0625 0.05
9 0.55703125 0.39765625 0.065625 0.053125
3 0.521875 0.4828125 0.0703125 0.05
2 0.59140625 0.5609375 0.0890625 0.053125
0 0.68359375 0.68359375 0.0921875 0.0484375
9 0.6953125 0.7328125 0.0625 0.025
4 0.66875 0.76171875 0.134375 0.06875
8 0.68515625 0.825 0.0890625 0.0578125
11 0.65234375 0.9203125 0.078125 0.065625
10 0.64140625 0.859375 0.1390625 0.0765625
8 0.60078125 0.68984375 0.084375 0.05625
7 0.5765625 0.634375 0.1484375 0.078125
9 0.49765625 0.57890625 0.071875 0.05625
3 0.45234375 0.65390625 0.075 0.0609375
2 0.51875 0.7390625 0.0953125 0.06875
9 0.55859375 0.82734375 0.071875 0.05625