3 0.21171875 0.403125 0.05234375 0.04765625
3 0.03046875 0.0390625 0.05546875 0.02421875
2 0.3234375 0.42109375 0.0578125 0.059375
5 0.44296875 0.44453125 0.04765625 0.06015625
9 0.52265625 0.4234375 0.0359375 0.05
4 0.5484375 0.45625 0.05546875 0.090625
2 0.46328125 0.49375 0.05390625 0.06015625
0 0.3828125 0.5109375 0.0546875 0.0703125
1 0.69296875 0.48125 0.07578125 0.096875
6 0.5125 0.54453125 0.0484375 0.06640625
10 0.32421875 0.58984375 0.07578125 0.08515625
8 0.65625 0.57890625 0.0640625 0.0640625
7 0.80703125 0.58828125 0.09765625 0.09453125
6 0.2953125 0.7578125 0.06953125 0.05859375
11 0.66328125 0.75078125 0.0609375 0.05546875