9 0.3484375 0.75703125 0.0671875 0.0625
3 0.24140625 0.51953125 0.0625 0.0609375
7 0.30703125 0.4015625 0.11875 0.115625
8 0.3203125 0.50625 0.08125 0.065625
10 0.3453125 0.559375 0.1078125 0.10625
9 0.38515625 0.23515625 0.0578125 0.06875
0 0.41953125 0.43984375 0.084375 0.090625
6 0.45625 0.31171875 0.08125 0.096875
5 0.44140625 0.61484375 0.075 0.078125
11 0.45390625 0.72265625 0.078125 0.075
0 0.55703125 0.334375 0.08125 0.0984375
2 0.54140625 0.5234375 0.08125 0.090625
2 0.5375 0.7171875 0.0796875 0.0921875
9 0.62734375 0.73125 0.0640625 0.0734375
6 0.6703125 0.58828125 0.084375 0.0921875
5 0.65234375 0.434375 0.0734375 0.0921875
3 0.7171875 0.25546875 0.059375 0.0765625