0 0.59296875 0.89140625 0.06875 0.075
0 0.49609375 0.5 0.0625 0.04375
3 0.75625 0.86484375 0.0515625 0.05
3 0.8453125 0.88828125 0.0375 0.059375
3 0.8015625 0.9859375 0.046875 0.028125
9 0.7671875 0.95390625 0.05 0.053125
3 0.66640625 0.74375 0.05 0.04375
11 0.7015625 0.665625 0.059375 0.04375
6 0.80078125 0.49375 0.075 0.0390625
6 0.73125 0.48984375 0.071875 0.040625
9 0.68671875 0.43984375 0.05 0.0375
9 0.65625 0.3703125 0.05 0.0390625
9 0.565625 0.24375 0.05 0.040625
3 0.61171875 0.31015625 0.046875 0.046875
3 0.53203125 0.1734375 0.046875 0.05625
3 0.6171875 0.43359375 0.0484375 0.0390625
11 0.61875 0.5546875 0.059375 0.0453125
1 0.60703125 0.48828125 0.1 0.05
2 0.57421875 0.37265625 0.05625 0.0546875
2 0.48984375 0.225 0.065625 0.065625
7 0.5515625 0.28515625 0.09375 0.078125
8 0.50390625 0.36796875 0.065625 0.0546875
9 0.4265625 0.27890625 0.05 0.0546875
9 0.48671875 0.634375 0.046875 0.0484375
9 0.44453125 0.55 0.0453125 0.05
9 0.39296875 0.64375 0.0453125 0.05
5 0.53671875 0.584375 0.059375 0.046875
5 0.5359375 0.42734375 0.05625 0.053125
4 0.45859375 0.43125 0.0765625 0.059375
8 0.39296875 0.4921875 0.0546875 0.05625
10 0.41015625 0.34921875 0.0765625 0.075