6 0.28671875 0.17734375 0.0625 0.0703125
4 0.175 0.271875 0.09375 0.0796875
1 0.64453125 0.28828125 0.0625 0.084375
6 0.7203125 0.16171875 0.053125 0.071875
9 0.20546875 0.4078125 0.0609375 0.040625
3 0.1484375 0.4640625 0.065625 0.0359375
9 0.4109375 0.5078125 0.0484375 0.03125
3 0.59921875 0.49609375 0.046875 0.034375
10 0.7890625 0.49140625 0.084375 0.053125
2 0.14453125 0.61015625 0.075 0.040625
2 0.30390625 0.63046875 0.078125 0.0375
8 0.66875 0.6390625 0.0625 0.0390625
3 0.80390625 0.62734375 0.0546875 0.0328125