6 0.72734375 0.80703125 0.08125 0.06875
6 0.67421875 0.72890625 0.078125 0.065625
9 0.65703125 0.6421875 0.0546875 0.05
9 0.665625 0.5484375 0.053125 0.046875
0 0.725 0.4484375 0.0828125 0.04375
3 0.65390625 0.2828125 0.0546875 0.046875
2 0.60234375 0.2734375 0.0734375 0.05625
2 0.6015625 0.46953125 0.0625 0.053125
3 0.65546875 0.453125 0.053125 0.0390625
7 0.62890625 0.36953125 0.1140625 0.05625
3 0.60625 0.56328125 0.053125 0.040625
1 0.5765625 0.5859375 0.10625 0.08125
11 0.54921875 0.67265625 0.0625 0.065625
11 0.5609375 0.871875 0.065625 0.0734375
3 0.48984375 0.9140625 0.05 0.06875
5 0.5453125 0.47265625 0.059375 0.0515625
5 0.4671875 0.60546875 0.0625 0.06875
8 0.55 0.3875 0.071875 0.053125
8 0.4015625 0.37265625 0.065625 0.065625
9 0.528125 0.24609375 0.0625 0.04375
10 0.4890625 0.271875 0.0921875 0.08125
4 0.4859375 0.3859375 0.0921875 0.0625
0 0.4796875 0.48203125 0.071875 0.0515625
9 0.396875 0.59765625 0.05 0.059375
9 0.409375 0.47890625 0.053125 0.0484375
9 0.31328125 0.50390625 0.053125 0.053125