2 0.33828125 0.41484375 0.07265625 0.07578125
9 0.49765625 0.51015625 0.0578125 0.05625
8 0.1703125 0.54765625 0.08828125 0.08828125
8 0.70390625 0.43671875 0.0828125 0.0796875
11 0.709375 0.553125 0.07421875 0.07109375
10 0.49609375 0.38984375 0.0640625 0.115625
7 0.6078125 0.3953125 0.07890625 0.128125
5 0.21171875 0.459375 0.08125 0.07421875
4 0.515625 0.575 0.07109375 0.09921875
3 0.60546875 0.5203125 0.053125 0.053125
3 0.3578125 0.48125 0.05078125 0.06640625
0 0.2265625 0.61796875 0.0859375 0.07421875
9 0.6015625 0.58125 0.05390625 0.06484375
1 0.36875 0.56796875 0.084375 0.10546875