6 0.84609375 0.4375 0.06875 0.040625
9 0.5375 0.5171875 0.03125 0.0375
9 0.640625 0.33984375 0.0390625 0.04375
10 0.53046875 0.87265625 0.05 0.0890625
8 0.4015625 0.746875 0.0328125 0.06875
2 0.43203125 0.41328125 0.03125 0.053125
2 0.46328125 0.2703125 0.0375 0.0515625
5 0.63515625 0.5078125 0.0453125 0.040625
4 0.76796875 0.33046875 0.0765625 0.0625
1 0.721875 0.759375 0.075 0.078125
11 0.7703125 0.51875 0.053125 0.040625
3 0.5359375 0.6921875 0.0328125 0.046875
3 0.40390625 0.8671875 0.028125 0.053125
3 0.59296875 0.2828125 0.034375 0.04375
6 0.8296875 0.83515625 0.0625 0.0625