6 0.440625 0.3125 0.034375 0.06484375
3 0.58984375 0.40390625 0.0328125 0.0453125
0 0.17890625 0.46328125 0.05546875 0.0703125
3 0.44296875 0.43046875 0.0328125 0.04453125
11 0.3234375 0.41796875 0.0421875 0.05234375
10 0.89765625 0.47734375 0.0796875 0.090625
8 0.47265625 0.4421875 0.0375 0.0609375
0 0.3703125 0.440625 0.0453125 0.0671875
9 0.415625 0.4828125 0.0390625 0.04453125
9 0.525 0.4890625 0.03515625 0.046875
9 0.59765625 0.5171875 0.03828125 0.0453125
3 0.35234375 0.51171875 0.04140625 0.04453125
5 0.2625 0.5421875 0.05390625 0.05625
4 0.6984375 0.50234375 0.06171875 0.08828125
3 0.50703125 0.56171875 0.0359375 0.04609375
3 0.5828125 0.59609375 0.0375 0.04765625
8 0.7890625 0.56015625 0.0671875 0.0625
7 0.52265625 0.70859375 0.05625 0.09921875
6 0.3234375 0.578125 0.04921875 0.06875
9 0.46171875 0.596875 0.04375 0.0484375
2 0.3765625 0.62734375 0.053125 0.0609375
3 0.9171875 0.6328125 0.05859375 0.05078125