0 0.83203125 0.95 0.025 0.059375
4 0.82265625 0.7609375 0.046875 0.034375
3 0.8125 0.69765625 0.03125 0.0375
3 0.78515625 0.59765625 0.028125 0.028125
1 0.73984375 0.734375 0.04375 0.121875
3 0.69921875 0.84140625 0.0328125 0.04375
11 0.653125 0.765625 0.059375 0.05
6 0.6640625 0.6796875 0.0765625 0.04375
9 0.653125 0.60234375 0.05 0.0375
10 0.67890625 0.53203125 0.1 0.04375
7 0.67734375 0.44609375 0.109375 0.046875
8 0.6609375 0.36796875 0.0671875 0.04375
9 0.57734375 0.25546875 0.053125 0.046875
9 0.49375 0.42421875 0.05625 0.04375
9 0.421875 0.4234375 0.059375 0.05
9 0.34140625 0.50078125 0.0625 0.053125