9 0.7609375 0.728125 0.040625 0.04375
10 0.55390625 0.69296875 0.046875 0.08125
7 0.3953125 0.64140625 0.05625 0.084375
4 0.72265625 0.59765625 0.059375 0.075
0 0.72421875 0.53125 0.053125 0.05625
6 0.2390625 0.62578125 0.053125 0.0609375
1 0.46484375 0.54296875 0.053125 0.078125
9 0.5546875 0.58125 0.03125 0.0421875
3 0.82265625 0.40625 0.0515625 0.040625
3 0.29609375 0.3421875 0.046875 0.0375
6 0.30625 0.45234375 0.0515625 0.053125
8 0.21796875 0.5203125 0.0671875 0.05
2 0.19375 0.40625 0.0703125 0.04375
2 0.73828125 0.415625 0.0640625 0.04375
5 0.6625 0.34296875 0.05625 0.04375
5 0.45625 0.346875 0.0453125 0.04375
0 0.1921875 0.32578125 0.065625 0.04375
8 0.659375 0.471875 0.05625 0.0453125