9 0.084375 0.23984375 0.06015625 0.0421875
9 0.7640625 0.278125 0.03984375 0.05078125
9 0.65234375 0.31484375 0.03515625 0.05
9 0.31640625 0.36015625 0.0421875 0.0484375
9 0.4375 0.428125 0.04140625 0.05234375
9 0.67734375 0.38203125 0.04140625 0.05234375
6 0.9015625 0.4734375 0.07890625 0.078125
7 0.4890625 0.5375 0.0578125 0.10234375
8 0.5078125 0.27421875 0.03359375 0.06171875
3 0.61640625 0.46953125 0.0421875 0.05390625
3 0.70390625 0.259375 0.03203125 0.0390625
3 0.696875 0.2890625 0.03359375 0.04609375
3 0.36640625 0.29296875 0.0328125 0.0515625
3 0.2953125 0.42109375 0.04375 0.0546875
5 0.6140625 0.6546875 0.06015625 0.06796875
0 0.27578125 0.4875 0.05859375 0.0828125