6 0.6875 0.440625 0.065625 0.034375
3 0.59609375 0.58984375 0.0453125 0.0328125
0 0.53671875 0.17890625 0.0703125 0.05625
3 0.56953125 0.44296875 0.04375 0.0328125
11 0.58203125 0.3234375 0.053125 0.0421875
10 0.52265625 0.89765625 0.090625 0.0796875
8 0.5578125 0.47265625 0.0609375 0.0375
0 0.559375 0.3703125 0.0671875 0.0453125
9 0.5171875 0.415625 0.04375 0.0390625
9 0.5109375 0.525 0.046875 0.034375
9 0.4828125 0.59765625 0.0453125 0.0375
3 0.48828125 0.35234375 0.04375 0.040625
5 0.4578125 0.2625 0.05625 0.053125
4 0.49765625 0.6984375 0.0875 0.0625
3 0.43828125 0.50703125 0.046875 0.0359375
3 0.40390625 0.5828125 0.046875 0.0375
8 0.43984375 0.7890625 0.0625 0.0671875
7 0.29140625 0.52265625 0.1 0.05625
6 0.421875 0.3234375 0.06875 0.05
9 0.403125 0.46171875 0.0484375 0.04375
2 0.37265625 0.3765625 0.0609375 0.053125
3 0.3671875 0.9171875 0.05 0.0578125