5 0.5859375 0.29296875 0.0734375 0.0609375
3 0.42265625 0.37890625 0.053125 0.04375
3 0.42734375 0.71484375 0.05625 0.046875
3 0.3015625 0.70234375 0.05 0.034375
3 0.23203125 0.39296875 0.04375 0.028125
3 0.259375 0.384375 0.0484375 0.028125
7 0.49609375 0.45859375 0.11875 0.0609375
9 0.41171875 0.5703125 0.05625 0.0375
9 0.3390625 0.3625 0.0546875 0.034375
9 0.2421875 0.33203125 0.046875 0.03125
9 0.2859375 0.4140625 0.05 0.0328125
6 0.21875 0.5828125 0.071875 0.028125
8 0.2703125 0.56953125 0.059375 0.034375
9 0.36875 0.7234375 0.053125 0.046875
0 0.48828125 0.70078125 0.090625 0.059375