2 0.6875 0.55625 0.0671875 0.040625
11 0.5765625 0.51875 0.0671875 0.04375
9 0.66953125 0.71796875 0.0515625 0.028125
8 0.65234375 0.6859375 0.065625 0.05
10 0.62421875 0.5921875 0.11875 0.059375
11 0.54453125 0.59765625 0.071875 0.053125
4 0.71875 0.40234375 0.1 0.0375
0 0.5921875 0.66171875 0.09375 0.05625
0 0.6625 0.21640625 0.084375 0.053125
5 0.59921875 0.09296875 0.0734375 0.053125
5 0.72890625 0.48125 0.0515625 0.03125
2 0.540625 0.1671875 0.0734375 0.0671875
3 0.6015625 0.46484375 0.059375 0.040625
3 0.64296875 0.334375 0.053125 0.0375
3 0.6171875 0.2734375 0.053125 0.04375
3 0.5984375 0.21640625 0.059375 0.040625
3 0.6609375 0.40390625 0.0515625 0.034375
3 0.69921875 0.47890625 0.046875 0.028125
9 0.37734375 0.459375 0.075 0.053125
9 0.4390625 0.55390625 0.071875 0.0578125
9 0.4859375 0.60703125 0.0625 0.040625
9 0.58203125 0.78203125 0.059375 0.04375
9 0.6265625 0.75234375 0.0578125 0.0421875
9 0.6265625 0.87109375 0.053125 0.0296875
6 0.57109375 0.88671875 0.096875 0.06875
6 0.52734375 0.53046875 0.1 0.05
8 0.52265625 0.37734375 0.0859375 0.059375
7 0.56171875 0.82890625 0.1375 0.0859375
1 0.44375 0.6546875 0.165625 0.0859375
3 0.56328125 0.2546875 0.059375 0.0453125
3 0.67578125 0.45859375 0.046875 0.03125