3 0.69140625 0.44140625 0.034375 0.034375
5 0.72578125 0.74765625 0.0625 0.053125
3 0.69453125 0.68671875 0.05625 0.0421875
3 0.67421875 0.61328125 0.053125 0.04375
0 0.734375 0.378125 0.0828125 0.040625
3 0.67421875 0.29453125 0.053125 0.04375
10 0.66875 0.79609375 0.109375 0.059375
1 0.61953125 0.54765625 0.1265625 0.065625
3 0.67578125 0.3609375 0.0546875 0.040625
5 0.71015625 0.22578125 0.0625 0.0515625
8 0.64375 0.44375 0.071875 0.046875
3 0.59765625 0.33671875 0.05625 0.046875
2 0.63671875 0.159375 0.06875 0.059375
9 0.5921875 0.22265625 0.0578125 0.05
4 0.61640625 0.734375 0.115625 0.078125
3 0.55078125 0.62578125 0.059375 0.0515625
2 0.49296875 0.86484375 0.0859375 0.084375
0 0.48828125 0.54609375 0.0890625 0.059375
9 0.52890625 0.4578125 0.05625 0.040625
9 0.5265625 0.2296875 0.05625 0.046875
6 0.4921875 0.32421875 0.090625 0.065625
9 0.41875 0.88203125 0.065625 0.08125
9 0.41015625 0.7921875 0.065625 0.06875
9 0.421875 0.67109375 0.065625 0.0625
9 0.4171875 0.553125 0.05625 0.0453125
9 0.4109375 0.41328125 0.0640625 0.059375
8 0.33671875 0.17421875 0.090625 0.084375
11 0.325 0.0625 0.08125 0.0984375
11 0.33203125 0.95546875 0.078125 0.0890625
7 0.35859375 0.5671875 0.1375 0.084375
6 0.34375 0.7015625 0.0953125 0.08125
3 0.5921875 0.44453125 0.05625 0.046875