0 0.28515625 0.7140625 0.1234375 0.09375
1 0.33984375 0.6265625 0.171875 0.115625
11 0.63125 0.3984375 0.090625 0.09375
9 0.434375 0.421875 0.08125 0.075
8 0.22578125 0.62734375 0.1125 0.1
10 0.34765625 0.2359375 0.159375 0.121875
7 0.4453125 0.18515625 0.1609375 0.15625
3 0.52890625 0.3875 0.08125 0.08125
3 0.31640625 0.45 0.090625 0.06875
5 0.209375 0.47109375 0.1078125 0.0765625
3 0.0265625 0.8046875 0.053125 0.078125
2 0.26015625 0.35625 0.1203125 0.075
4 0.459375 0.5671875 0.140625 0.1140625
8 0.5625 0.1703125 0.1078125 0.125
9 0.5484375 0.49765625 0.08125 0.0828125