3 0.215625 0.39296875 0.046875 0.0546875
3 0.509375 0.4375 0.05 0.040625
3 0.61640625 0.31171875 0.053125 0.04375
3 0.5890625 0.2484375 0.053125 0.046875
3 0.628125 0.525 0.0515625 0.046875
3 0.69453125 0.75078125 0.05 0.04375
5 0.7 0.56171875 0.0625 0.0484375
4 0.52421875 0.6453125 0.090625 0.0796875
8 0.62109375 0.87578125 0.0703125 0.071875
8 0.76640625 0.578125 0.06875 0.040625
9 0.53984375 0.8484375 0.053125 0.04375
9 0.6015625 0.6234375 0.05 0.046875
9 0.66875 0.665625 0.05 0.04375
9 0.68984375 0.4703125 0.0515625 0.0375
9 0.56171875 0.37734375 0.05 0.040625
11 0.68046875 0.35859375 0.059375 0.0453125
6 0.3875 0.6578125 0.065625 0.065625
7 0.42109375 0.41328125 0.0890625 0.059375
10 0.33125 0.59140625 0.078125 0.084375
9 0.653125 0.78828125 0.05 0.05
1 0.5125 0.80078125 0.096875 0.10625
0 0.5453125 0.49453125 0.0734375 0.04375