6 0.41640625 0.6640625 0.021875 0.0453125
8 0.33515625 0.64765625 0.021875 0.0390625
7 0.48515625 0.6578125 0.025 0.05625
0 0.521875 0.60859375 0.0203125 0.0421875
10 0.546875 0.58828125 0.03125 0.053125
1 0.3921875 0.58984375 0.028125 0.0625
4 0.50234375 0.5125 0.03125 0.053125
2 0.35546875 0.4703125 0.025 0.040625
3 0.3671875 0.43046875 0.028125 0.034375
3 0.21953125 0.590625 0.0234375 0.0296875
2 0.25078125 0.63203125 0.025 0.040625
6 0.2984375 0.6125 0.028125 0.04375
5 0.24609375 0.54765625 0.028125 0.0359375
5 0.2796875 0.48125 0.03125 0.034375
11 0.3265625 0.928125 0.025 0.01875
3 0.3375 0.91953125 0.0234375 0.0125
3 0.34609375 0.92421875 0.01875 0.0125
9 0.375 0.92578125 0.025 0.0125
9 0.35859375 0.915625 0.025 0.015625
9 0.34375 0.884375 0.01875 0.015625
3 0.415625 0.9109375 0.0125 0.0234375
9 0.4296875 0.90234375 0.015625 0.0171875
8 0.4484375 0.90234375 0.015625 0.021875
9 0.478125 0.89765625 0.015625 0.01875
3 0.4609375 0.896875 0.0125 0.01875
3 0.47265625 0.88515625 0.0203125 0.009375
9 0.46484375 0.87265625 0.0171875 0.01875
9 0.3640625 0.865625 0.015625 0.01875
11 0.44296875 0.83203125 0.028125 0.025
9 0.353125 0.82890625 0.025 0.0171875
3 0.38671875 0.84140625 0.015625 0.01875