3 0.79765625 0.27734375 0.0328125 0.0375
3 0.88046875 0.69765625 0.021875 0.05
3 0.85 0.78125 0.0234375 0.05
3 0.76796875 0.57578125 0.034375 0.0328125
3 0.84296875 0.90546875 0.025 0.053125
0 0.88515625 0.87265625 0.04375 0.065625
2 0.79375 0.9796875 0.05 0.040625
11 0.6953125 0.82265625 0.05 0.0578125
11 0.69453125 0.5765625 0.0515625 0.0359375
6 0.67578125 0.51171875 0.0625 0.0359375
9 0.6453125 0.45390625 0.0421875 0.034375
10 0.64140625 0.39375 0.08125 0.046875
7 0.6078125 0.325 0.0890625 0.0546875
8 0.56953125 0.25703125 0.059375 0.0453125
9 0.43984375 0.2625 0.04375 0.0484375
9 0.42890625 0.5 0.040625 0.0390625
9 0.375 0.56875 0.0421875 0.040625
9 0.3453125 0.69375 0.04375 0.046875
3 0.5984375 0.72421875 0.04375 0.040625
1 0.57578125 0.66328125 0.084375 0.059375
2 0.5390625 0.5921875 0.05625 0.046875
5 0.51015625 0.5328125 0.0515625 0.040625
0 0.478125 0.4640625 0.059375 0.0421875
4 0.4546875 0.39609375 0.075 0.059375