9 0.59765625 0.209375 0.0625 0.0546875
4 0.803125 0.3390625 0.11875 0.05625
6 0.78046875 0.47734375 0.090625 0.046875
3 0.76875 0.609375 0.059375 0.046875
9 0.73046875 0.42265625 0.0625 0.0421875
9 0.69921875 0.3453125 0.0625 0.046875
3 0.7359375 0.54453125 0.0625 0.040625
9 0.73515625 0.68203125 0.059375 0.053125
3 0.70234375 0.63203125 0.059375 0.053125
6 0.70390625 0.4984375 0.0921875 0.05625
11 0.65703125 0.5671875 0.071875 0.05625
3 0.665625 0.6765625 0.05625 0.05625
3 0.65546875 0.42578125 0.059375 0.046875
3 0.64921875 0.27421875 0.0546875 0.05
3 0.6046875 0.65078125 0.05625 0.046875
5 0.56640625 0.61171875 0.071875 0.0671875
5 0.565625 0.43125 0.06875 0.0578125
9 0.60625 0.7875 0.0578125 0.05625
0 0.56796875 0.72734375 0.0828125 0.084375
9 0.51015625 0.67421875 0.05625 0.065625
9 0.46953125 0.61171875 0.053125 0.059375
8 0.40078125 0.5296875 0.0703125 0.0796875
1 0.59296875 0.90859375 0.1140625 0.1328125
0 0.3453125 0.78125 0.06875 0.1
2 0.60703125 0.3640625 0.0734375 0.059375
8 0.52890625 0.365625 0.08125 0.0578125
7 0.58671875 0.26640625 0.1234375 0.078125
3 0.5578125 0.12265625 0.0609375 0.065625
2 0.5109375 0.19296875 0.084375 0.071875
9 0.43515625 0.265625 0.0609375 0.0625
10 0.41953125 0.359375 0.096875 0.0703125
11 0.3359375 0.440625 0.0671875 0.0625