6 0.34609375 0.2546875 0.0609375 0.078125
8 0.70234375 0.2640625 0.07578125 0.065625
4 0.509375 0.246875 0.059375 0.10078125
1 0.41171875 0.31015625 0.07265625 0.09609375
10 0.5953125 0.32890625 0.0734375 0.0859375
3 0.69296875 0.3421875 0.0515625 0.04921875
3 0.68359375 0.43515625 0.05 0.0421875
11 0.825 0.43671875 0.071875 0.05234375
5 0.69609375 0.51015625 0.0671875 0.0453125
9 0.6 0.41484375 0.0453125 0.04375
8 0.81953125 0.59140625 0.07890625 0.0421875
7 0.59140625 0.55859375 0.0734375 0.05234375
9 0.48828125 0.4828125 0.05078125 0.03984375
9 0.39609375 0.56953125 0.0546875 0.03828125
5 0.5015625 0.6125 0.0546875 0.04140625
0 0.3953125 0.48359375 0.06328125 0.04609375
11 0.28203125 0.31953125 0.0671875 0.0609375
2 0.28984375 0.3984375 0.075 0.0578125
6 0.2671875 0.48046875 0.07421875 0.0484375