6 0.29453125 0.12890625 0.0765625 0.0609375
6 0.3125 0.23984375 0.078125 0.05
11 0.41796875 0.1953125 0.065625 0.059375
3 0.47421875 0.2171875 0.053125 0.046875
0 0.57734375 0.2921875 0.0828125 0.0625
9 0.3109375 0.315625 0.053125 0.0390625
9 0.2875 0.38359375 0.05 0.0359375
11 0.3796875 0.3765625 0.0625 0.046875
3 0.325 0.4125 0.053125 0.028125
1 0.3296875 0.4421875 0.1125 0.0515625
5 0.4125 0.48203125 0.0625 0.04375
9 0.4515625 0.53359375 0.053125 0.0390625
3 0.275 0.45703125 0.04375 0.028125
2 0.30625 0.49140625 0.0640625 0.0375
5 0.33984375 0.52265625 0.0625 0.0390625
0 0.371875 0.5625 0.0765625 0.04375
9 0.4171875 0.60703125 0.053125 0.0375
9 0.47265625 0.65 0.0546875 0.0453125
9 0.265625 0.5265625 0.05 0.03125
7 0.2625 0.5546875 0.109375 0.0453125
8 0.32109375 0.58203125 0.065625 0.046875
4 0.34296875 0.63359375 0.1 0.059375
8 0.39453125 0.68203125 0.071875 0.053125
3 0.246875 0.5828125 0.05 0.025
2 0.2703125 0.62421875 0.065625 0.04375
9 0.30703125 0.675 0.05 0.0375
10 0.31953125 0.70078125 0.0984375 0.0640625