8 0.49296875 0.52421875 0.034375 0.0359375
4 0.51015625 0.59375 0.046875 0.0375
6 0.5390625 0.6640625 0.040625 0.03125
1 0.54765625 0.60625 0.053125 0.0390625
10 0.528125 0.52890625 0.0484375 0.04375
3 0.521875 0.4984375 0.025 0.028125
9 0.5625 0.503125 0.0265625 0.028125
3 0.55625 0.465625 0.025 0.028125
11 0.53671875 0.41953125 0.03125 0.03125
11 0.58125 0.43125 0.03125 0.0359375
11 0.578125 0.66953125 0.034375 0.03125
2 0.60703125 0.63046875 0.0375 0.0296875
8 0.590625 0.36171875 0.03125 0.040625
7 0.61171875 0.4390625 0.05 0.053125
9 0.60703125 0.5171875 0.028125 0.0296875
0 0.62109375 0.55078125 0.0375 0.0359375
6 0.6453125 0.6046875 0.0375 0.034375
9 0.659375 0.5171875 0.028125 0.03125
5 0.65390625 0.45625 0.0328125 0.0375