11 0.65859375 0.1640625 0.03359375 0.04609375
9 0.60703125 0.19375 0.03046875 0.04296875
9 0.740625 0.1578125 0.0296875 0.03828125
3 0.7796875 0.18984375 0.03125 0.040625
9 0.84453125 0.18671875 0.034375 0.04140625
9 0.90078125 0.17578125 0.03515625 0.03828125
9 0.896875 0.21484375 0.03671875 0.04140625
3 0.94609375 0.26171875 0.04453125 0.04140625
3 0.88125 0.2890625 0.04453125 0.0453125
3 0.765625 0.27734375 0.0390625 0.0453125
11 0.74609375 0.20859375 0.03515625 0.03671875
3 0.72734375 0.2484375 0.03515625 0.0453125
9 0.60859375 0.24921875 0.034375 0.04609375
6 0.57578125 0.28671875 0.03828125 0.0765625
8 0.69140625 0.3359375 0.05390625 0.0671875
6 0.7234375 0.39296875 0.059375 0.08125
2 0.821875 0.38359375 0.05625 0.06875
1 0.4671875 0.23046875 0.040625 0.103125
5 0.4734375 0.340625 0.04140625 0.0609375
3 0.846875 0.45546875 0.05625 0.05390625
0 0.5421875 0.4109375 0.04765625 0.08359375
3 0.646875 0.4890625 0.0484375 0.05625
5 0.7671875 0.50546875 0.06953125 0.0546875
0 0.72734375 0.5765625 0.0703125 0.0890625
4 0.45703125 0.51875 0.06015625 0.11328125
9 0.24375 0.49765625 0.0546875 0.06015625
2 0.134375 0.3703125 0.0578125 0.06875
8 0.61640625 0.67109375 0.07109375 0.08515625