9 0.459375 0.11953125 0.04921875 0.03828125
6 0.4859375 0.30390625 0.040625 0.0734375
0 0.603125 0.29765625 0.04140625 0.05859375
4 0.59296875 0.3609375 0.05390625 0.084375
9 0.58359375 0.41796875 0.03828125 0.0484375
2 0.690625 0.365625 0.04296875 0.06171875
5 0.40234375 0.3578125 0.04296875 0.05703125
1 0.4734375 0.38671875 0.05234375 0.0953125
3 0.509375 0.4484375 0.0375 0.04609375
11 0.66328125 0.43515625 0.05 0.05390625
3 0.59453125 0.46640625 0.04140625 0.0453125
6 0.31796875 0.4203125 0.053125 0.06796875
7 0.39296875 0.45234375 0.0609375 0.08984375
10 0.46953125 0.5 0.05234375 0.08125
9 0.5578125 0.503125 0.03984375 0.0453125
8 0.596875 0.540625 0.05546875 0.0578125