0 0.6640625 0.17421875 0.03125 0.0359375
4 0.54765625 0.234375 0.07890625 0.05546875
5 0.5078125 0.26484375 0.0453125 0.040625
3 0.8875 0.23359375 0.0546875 0.021875
3 0.46953125 0.33046875 0.0484375 0.03515625
1 0.6640625 0.3375 0.13671875 0.03671875
3 0.81484375 0.35234375 0.05 0.0390625
2 0.9265625 0.290625 0.04453125 0.02734375
2 0.9109375 0.33203125 0.046875 0.0484375
3 0.9609375 0.33203125 0.0484375 0.0390625
11 0.753125 0.409375 0.05078125 0.0578125
6 0.665625 0.4015625 0.046875 0.071875
9 0.58828125 0.4109375 0.03671875 0.04765625
10 0.51640625 0.3890625 0.046875 0.09375
7 0.42890625 0.39375 0.05 0.1015625
8 0.3484375 0.40703125 0.04609375 0.06640625
9 0.2375 0.5109375 0.05234375 0.0515625
9 0.42421875 0.60703125 0.0453125 0.053125
9 0.428125 0.69296875 0.0515625 0.05546875
3 0.5140625 0.784375 0.053125 0.05703125