9 0.675 0.5359375 0.0578125 0.05546875
9 0.24140625 0.37109375 0.0484375 0.05234375
9 0.80625 0.35703125 0.0546875 0.0515625
9 0.671875 0.20625 0.03515625 0.0484375
8 0.4484375 0.484375 0.053125 0.0703125
6 0.7484375 0.2984375 0.06171875 0.08046875
6 0.40234375 0.33515625 0.046875 0.08125
10 0.534375 0.45390625 0.06484375 0.09765625
7 0.35234375 0.434375 0.059375 0.11171875
3 0.34765625 0.56796875 0.05390625 0.05859375
3 0.540625 0.225 0.03359375 0.05078125
0 0.4734375 0.384375 0.04296875 0.075
0 0.50078125 0.28828125 0.04609375 0.08046875
5 0.62578125 0.28125 0.0546875 0.06640625
5 0.6296875 0.42734375 0.059375 0.0625
2 0.62890625 0.3453125 0.0578125 0.06796875
2 0.7671875 0.39453125 0.06875 0.06328125
11 0.7203125 0.44296875 0.05859375 0.0609375