9 0.046875 0.49140625 0.040625 0.028125
3 0.071875 0.08359375 0.0421875 0.0375
5 0.2421875 0.66484375 0.05 0.0421875
9 0.35 0.2125 0.04375 0.0421875
10 0.36875 0.61015625 0.0765625 0.059375
2 0.3671875 0.678125 0.05 0.053125
9 0.4 0.540625 0.04375 0.034375
6 0.40546875 0.471875 0.059375 0.0390625
9 0.42578125 0.40078125 0.04375 0.034375
3 0.4328125 0.309375 0.04375 0.0390625
5 0.41875 0.7109375 0.046875 0.053125
7 0.41328125 0.64140625 0.078125 0.0640625
0 0.43984375 0.56171875 0.05625 0.046875
3 0.45703125 0.49765625 0.0359375 0.0359375
4 0.47578125 0.421875 0.06875 0.046875
1 0.47734375 0.3375 0.075 0.0515625
11 0.503125 0.2828125 0.046875 0.046875
3 0.5671875 0.55390625 0.0375 0.0390625
3 0.58203125 0.7390625 0.0375 0.0515625
2 0.66015625 0.41328125 0.05 0.05
6 0.678125 0.30703125 0.046875 0.05