3 0.8296875 0.53515625 0.0578125 0.046875
3 0.01484375 0.80625 0.0296875 0.0453125
3 0.11171875 0.8515625 0.059375 0.0390625
3 0.134375 0.76171875 0.0515625 0.05
9 0.0453125 0.771875 0.05625 0.0484375
6 0.50703125 0.80546875 0.0390625 0.078125
6 0.5109375 0.7359375 0.040625 0.075
11 0.33515625 0.70546875 0.0453125 0.0625
3 0.25703125 0.6703125 0.046875 0.05
0 0.109375 0.596875 0.0765625 0.071875
11 0.44609375 0.62265625 0.046875 0.0609375
9 0.5625 0.690625 0.0375 0.0515625
9 0.63359375 0.66015625 0.040625 0.05
3 0.5671875 0.62109375 0.040625 0.05
1 0.51328125 0.6109375 0.0515625 0.103125
5 0.41875 0.540625 0.0484375 0.059375
3 0.69296875 0.615625 0.046875 0.046875
2 0.62890625 0.5765625 0.059375 0.059375
5 0.5734375 0.540625 0.05 0.05625
0 0.50234375 0.49921875 0.046875 0.0640625
9 0.36796875 0.48984375 0.046875 0.046875
9 0.4515625 0.4484375 0.046875 0.0453125
9 0.35625 0.39765625 0.05 0.046875
8 0.63359375 0.5078125 0.0546875 0.065625
4 0.56953125 0.4609375 0.0625 0.078125
8 0.51015625 0.396875 0.059375 0.0546875
10 0.65390625 0.4125 0.075 0.078125
9 0.7234375 0.4296875 0.0578125 0.0484375
2 0.7765625 0.49453125 0.065625 0.065625
9 0.759375 0.56875 0.040625 0.05
7 0.71640625 0.55546875 0.078125 0.09375