9 0.3359375 0.690625 0.06015625 0.0421875
9 0.43828125 0.35625 0.04921875 0.04765625
9 0.34765625 0.30390625 0.05078125 0.0484375
11 0.815625 0.48203125 0.06875 0.046875
6 0.53359375 0.4828125 0.0546875 0.05078125
8 0.63359375 0.41640625 0.0484375 0.0609375
10 0.54140625 0.278125 0.059375 0.084375
0 0.44453125 0.55859375 0.0546875 0.04609375
1 0.625 0.5421875 0.07109375 0.06484375
4 0.45234375 0.41484375 0.06015625 0.0734375
5 0.35859375 0.48359375 0.0609375 0.05
5 0.153125 0.40546875 0.0640625 0.0546875
3 0.2828125 0.29921875 0.05078125 0.05
2 0.4546875 0.2921875 0.05078125 0.06640625
2 0.25546875 0.54609375 0.06875 0.05
3 0.26953125 0.4234375 0.05390625 0.0453125
8 0.26015625 0.346875 0.06953125 0.0609375