9 0.13984375 0.43203125 0.075 0.05
3 0.74609375 0.6453125 0.05 0.05625
3 0.66484375 0.65859375 0.04375 0.059375
3 0.59921875 0.51015625 0.0453125 0.053125
3 0.81328125 0.2140625 0.06875 0.046875
3 0.4625 0.7890625 0.0390625 0.059375
5 0.34921875 0.6875 0.0625 0.0671875
0 0.52421875 0.53125 0.05625 0.071875
9 0.628125 0.58203125 0.0453125 0.05625
9 0.4578125 0.6984375 0.046875 0.059375
11 0.58203125 0.71796875 0.05 0.065625
6 0.4375 0.31328125 0.065625 0.059375
6 0.23359375 0.81640625 0.06875 0.084375
8 0.29453125 0.75703125 0.059375 0.071875
10 0.32421875 0.6453125 0.08125 0.109375
7 0.21015625 0.4265625 0.084375 0.15
9 0.1921875 0.64609375 0.05625 0.059375
9 0.09921875 0.58203125 0.0859375 0.0375