11 0.41015625 0.74140625 0.0453125 0.0515625
11 0.52734375 0.39609375 0.04375 0.0359375
8 0.69921875 0.40078125 0.059375 0.0375
8 0.33359375 0.4765625 0.046875 0.040625
6 0.59140625 0.740625 0.05 0.0609375
6 0.3375 0.70546875 0.0546875 0.05625
2 0.50078125 0.72890625 0.0453125 0.053125
1 0.40859375 0.66328125 0.0578125 0.06875
4 0.32734375 0.60234375 0.06875 0.059375
0 0.58984375 0.6625 0.0484375 0.053125
5 0.73125 0.5921875 0.05625 0.040625
5 0.6125 0.47265625 0.05 0.03125
10 0.42265625 0.54765625 0.0546875 0.046875
3 0.421875 0.47578125 0.040625 0.03125
3 0.5265625 0.4796875 0.0390625 0.028125
7 0.68046875 0.53984375 0.075 0.0453125
9 0.50625 0.53125 0.040625 0.0296875
9 0.58515625 0.60078125 0.040625 0.034375
9 0.6828125 0.6546875 0.0484375 0.040625