3 0.715625 0.62109375 0.04375 0.05625
3 0.6421875 0.6359375 0.0421875 0.0546875
3 0.42578125 0.6046875 0.053125 0.053125
3 0.571875 0.5046875 0.0421875 0.053125
3 0.75390625 0.22890625 0.059375 0.05
3 0.15703125 0.6265625 0.053125 0.053125
4 0.36015625 0.4765625 0.0875 0.0890625
0 0.5015625 0.52890625 0.05 0.071875
5 0.35234375 0.66953125 0.0546875 0.065625
6 0.41015625 0.3328125 0.065625 0.0640625
6 0.25703125 0.78671875 0.05625 0.078125
8 0.3078125 0.73203125 0.0515625 0.06875
8 0.05625 0.5234375 0.090625 0.0703125
11 0.56875 0.68828125 0.0421875 0.059375
7 0.64609375 0.4265625 0.071875 0.0921875
10 0.51171875 0.29375 0.075 0.078125
9 0.3359375 0.55859375 0.05 0.05
9 0.45390625 0.67578125 0.0421875 0.05625
9 0.259375 0.61640625 0.053125 0.053125
9 0.1359375 0.5765625 0.0578125 0.0515625
9 0.1328125 0.4484375 0.0625 0.0515625
1 0.20390625 0.4296875 0.115625 0.09375
9 0.60546875 0.56953125 0.040625 0.053125