3 0.63203125 0.18828125 0.0453125 0.0625
3 0.40234375 0.81875 0.05 0.05625
0 0.49765625 0.459375 0.0625 0.059375
0 0.45234375 0.65078125 0.06875 0.053125
5 0.35 0.66171875 0.0625 0.065625
5 0.39765625 0.3875 0.059375 0.059375
2 0.36875 0.52890625 0.0703125 0.046875
2 0.29375 0.434375 0.065625 0.059375
9 0.28984375 0.83515625 0.05625 0.05625
9 0.25625 0.496875 0.05625 0.04375
9 0.703125 0.54140625 0.04375 0.05625
9 0.3953125 0.225 0.053125 0.0640625
6 0.26875 0.5984375 0.08125 0.05
6 0.55078125 0.57421875 0.0640625 0.053125
8 0.54140625 0.2953125 0.0625 0.08125
11 0.340625 0.353125 0.0625 0.0578125
10 0.4671875 0.31171875 0.084375 0.090625
7 0.60078125 0.35390625 0.071875 0.0984375