0 0.5328125 0.60546875 0.08828125 0.1265625
2 0.33515625 0.41796875 0.10390625 0.1046875
5 0.27734375 0.5203125 0.10703125 0.10078125
3 0.4390625 0.45546875 0.08203125 0.08515625
1 0.6 0.4703125 0.09296875 0.17734375
4 0.70703125 0.40078125 0.10234375 0.1671875
3 0.66328125 0.353125 0.0515625 0.08203125
8 0.37578125 0.603125 0.12265625 0.11171875
8 0.634375 0.26171875 0.06640625 0.109375
11 0.78203125 0.32109375 0.06640625 0.09921875
10 0.45 0.30625 0.09609375 0.1625
7 0.546875 0.25703125 0.0703125 0.18046875
9 0.58203125 0.36953125 0.0546875 0.03046875
9 0.75390625 0.38828125 0.0359375 0.08359375