11 0.021875 0.75859375 0.0359375 0.04375
5 0.028125 0.8015625 0.05 0.01875
6 0.5171875 0.66875 0.0296875 0.065625
6 0.5375 0.6296875 0.034375 0.06875
9 0.596875 0.6015625 0.0328125 0.04375
7 0.73203125 0.5828125 0.065625 0.103125
9 0.8203125 0.43515625 0.05625 0.05625
8 0.7203125 0.48828125 0.05 0.071875
10 0.77265625 0.43046875 0.08125 0.1078125
4 0.67890625 0.46015625 0.071875 0.103125
0 0.5984375 0.47890625 0.0453125 0.08125
11 0.5109375 0.55390625 0.040625 0.059375
2 0.43359375 0.6203125 0.03125 0.0578125
2 0.46484375 0.52890625 0.0421875 0.065625
3 0.33203125 0.575 0.0375 0.0484375
1 0.39375 0.57421875 0.0484375 0.103125
5 0.52265625 0.50234375 0.04375 0.059375
8 0.35546875 0.4578125 0.053125 0.0703125
0 0.21328125 0.52578125 0.05 0.08125
9 0.35234375 0.36171875 0.046875 0.0625
9 0.490625 0.3859375 0.046875 0.059375
9 0.5640625 0.43125 0.04375 0.05625
3 0.67734375 0.3015625 0.0546875 0.065625
9 0.834375 0.303125 0.065625 0.0640625