2 0.009375 0.84140625 0.01875 0.08125
9 0.03125 0.828125 0.028125 0.05625
6 0.23203125 0.6109375 0.103125 0.053125
2 0.25078125 0.5046875 0.0875 0.053125
11 0.2421875 0.40625 0.0796875 0.05
6 0.25703125 0.309375 0.10625 0.06875
1 0.27265625 0.378125 0.15625 0.084375
0 0.29140625 0.60703125 0.1109375 0.0546875
9 0.36015625 0.59765625 0.075 0.053125
10 0.38046875 0.3609375 0.14375 0.0953125
4 0.32734375 0.2578125 0.14375 0.109375
9 0.428125 0.48046875 0.071875 0.0578125
9 0.3140625 0.72421875 0.06875 0.059375
5 0.36953125 0.796875 0.090625 0.0765625
7 0.390625 0.72265625 0.159375 0.1
5 0.496875 0.62578125 0.090625 0.071875
3 0.48984375 0.50078125 0.075 0.059375
3 0.4875 0.3453125 0.071875 0.06875
8 0.47109375 0.209375 0.103125 0.0953125
11 0.596875 0.484375 0.096875 0.0734375
8 0.59140625 0.7703125 0.109375 0.0890625