1 0.43828125 0.27890625 0.109375 0.05625
11 0.58046875 0.30234375 0.0359375 0.05625
6 0.5203125 0.31640625 0.034375 0.071875
9 0.46328125 0.34765625 0.034375 0.0484375
10 0.4015625 0.34609375 0.046875 0.1
7 0.334375 0.3734375 0.0578125 0.1109375
8 0.26171875 0.4171875 0.05 0.071875
9 0.27578125 0.53828125 0.05625 0.05625
9 0.54375 0.5328125 0.04375 0.053125
9 0.63203125 0.58671875 0.05 0.059375
9 0.7796875 0.609375 0.059375 0.059375
9 0.84921875 0.05859375 0.034375 0.0203125
9 0.82265625 0.07265625 0.021875 0.021875
9 0.803125 0.06953125 0.0171875 0.021875
3 0.78203125 0.07109375 0.028125 0.01875
3 0.853125 0.07890625 0.034375 0.015625
5 0.66328125 0.0734375 0.040625 0.021875
3 0.7171875 0.15703125 0.040625 0.01875
3 0.66796875 0.1421875 0.0421875 0.021875
0 0.60390625 0.12734375 0.025 0.034375
3 0.49453125 0.1625 0.04375 0.0265625
0 0.26171875 0.1671875 0.0375 0.0296875
4 0.2296875 0.2359375 0.1046875 0.0375
5 0.21875 0.2703125 0.0625 0.03125
3 0.25703125 0.3296875 0.0625 0.025
3 0.55390625 0.259375 0.05 0.025
3 0.63046875 0.21328125 0.025 0.034375
2 0.57578125 0.19921875 0.0515625 0.025
2 0.60546875 0.21796875 0.034375 0.040625