6 0.39609375 0.3109375 0.0375 0.0734375
0 0.08515625 0.3875 0.05546875 0.0859375
11 0.24765625 0.37265625 0.03671875 0.059375
0 0.2875 0.38203125 0.040625 0.08359375
3 0.36796875 0.38671875 0.025 0.0484375
8 0.4 0.39296875 0.04140625 0.06875
3 0.5296875 0.37734375 0.03515625 0.04921875
9 0.44609375 0.428125 0.03984375 0.05703125
9 0.3296875 0.41796875 0.04296875 0.05625
3 0.25390625 0.43515625 0.04453125 0.05625
5 0.13984375 0.4484375 0.04921875 0.07265625
6 0.18515625 0.4671875 0.04296875 0.1
2 0.2375 0.5140625 0.06875 0.08359375
9 0.51796875 0.45 0.04453125 0.05859375
3 0.41328125 0.47734375 0.03515625 0.06015625
9 0.34140625 0.4984375 0.03515625 0.06640625
3 0.484375 0.50390625 0.0484375 0.06484375
4 0.625 0.43046875 0.06484375 0.11953125
8 0.7171875 0.4828125 0.06875 0.0828125
10 0.8390625 0.4203125 0.0765625 0.11640625
3 0.86015625 0.5515625 0.06328125 0.0703125
7 0.3828125 0.5609375 0.075 0.16796875