5 0.23515625 0.2734375 0.0578125 0.065625
0 0.3953125 0.24921875 0.04375 0.0796875
4 0.63984375 0.2515625 0.065625 0.103125
5 0.775 0.2640625 0.059375 0.0640625
3 0.71328125 0.30078125 0.046875 0.053125
3 0.63671875 0.32578125 0.04375 0.05
3 0.55625 0.3203125 0.0390625 0.053125
3 0.4640625 0.3140625 0.04375 0.0515625
3 0.37734375 0.31796875 0.0421875 0.053125
3 0.3125 0.31875 0.04375 0.053125
3 0.27578125 0.375 0.0484375 0.053125
3 0.46796875 0.42578125 0.0453125 0.053125
2 0.728125 0.36171875 0.0546875 0.071875
2 0.18046875 0.365625 0.06875 0.0671875
9 0.84609375 0.47890625 0.0640625 0.053125
8 0.75546875 0.4796875 0.065625 0.065625
10 0.553125 0.47890625 0.0640625 0.0890625
11 0.44765625 0.484375 0.0515625 0.05625
8 0.25703125 0.4734375 0.075 0.06875
9 0.76484375 0.55546875 0.0625 0.053125
0 0.55625 0.5484375 0.0578125 0.065625
11 0.44140625 0.5578125 0.05625 0.05625
6 0.3453125 0.5453125 0.0640625 0.06875
9 0.86875 0.6296875 0.06875 0.0515625
9 0.78359375 0.63671875 0.065625 0.0515625
9 0.67265625 0.62265625 0.053125 0.053125
9 0.3484375 0.61484375 0.0546875 0.0484375
9 0.24375 0.6265625 0.0625 0.05
9 0.11015625 0.6296875 0.071875 0.05
6 0.690625 0.71328125 0.071875 0.0609375
7 0.5734375 0.69140625 0.0734375 0.084375
1 0.22578125 0.6890625 0.103125 0.090625