0 0.034375 0.825 0.06875 0.0375
6 0.4375 0.65234375 0.0375 0.06875
9 0.5 0.625 0.034375 0.046875
7 0.63984375 0.6015625 0.0546875 0.096875
11 0.4203125 0.54921875 0.0421875 0.05625
8 0.63671875 0.48671875 0.04375 0.065625
9 0.73984375 0.43671875 0.046875 0.05
10 0.690625 0.41328125 0.071875 0.084375
4 0.5984375 0.43984375 0.0609375 0.0828125
0 0.5203125 0.4578125 0.04375 0.065625
9 0.4921875 0.403125 0.04375 0.046875
5 0.44296875 0.48515625 0.0453125 0.05625
2 0.375 0.5109375 0.05 0.0625
1 0.28984375 0.54921875 0.071875 0.0890625
3 0.2265625 0.55859375 0.046875 0.046875
9 0.42734375 0.340625 0.046875 0.0484375
9 0.29765625 0.296875 0.05625 0.05