3 0.4015625 0.4203125 0.05 0.0625
3 0.49765625 0.48359375 0.04375 0.05625
3 0.35 0.54921875 0.0390625 0.053125
3 0.54921875 0.51015625 0.040625 0.05625
3 0.6171875 0.540625 0.04375 0.053125
3 0.73671875 0.59921875 0.04375 0.05
3 0.7765625 0.621875 0.0421875 0.053125
3 0.62578125 0.7125 0.0203125 0.0375
5 0.88515625 0.6328125 0.05 0.059375
5 0.4890625 0.3875 0.0609375 0.078125
1 0.64765625 0.70234375 0.05 0.10625
2 0.5625 0.4515625 0.05 0.08125
2 0.71484375 0.6515625 0.0515625 0.059375
9 0.6953125 0.51015625 0.0390625 0.0578125
0 0.653125 0.48515625 0.05625 0.090625
9 0.6 0.60390625 0.0390625 0.05
9 0.37734375 0.6515625 0.034375 0.05
9 0.4453125 0.71640625 0.03125 0.04375
6 0.60546875 0.66015625 0.0421875 0.0703125
6 0.3921875 0.746875 0.034375 0.0703125
11 0.29375 0.7078125 0.0421875 0.0578125
11 0.065625 0.640625 0.0484375 0.0625
9 0.1078125 0.6078125 0.05 0.053125
10 0.2 0.66171875 0.06875 0.103125
9 0.51875 0.7453125 0.0234375 0.04375
9 0.4828125 0.7359375 0.0265625 0.0359375
7 0.48984375 0.68984375 0.0421875 0.10625
8 0.5328125 0.71875 0.0328125 0.05625
0 0.4984375 0.6140625 0.040625 0.084375
4 0.81328125 0.60078125 0.0796875 0.109375
8 0.546875 0.684375 0.04375 0.0609375
9 0.3734375 0.60546875 0.040625 0.0515625