3 0.73203125 0.26015625 0.046875 0.05625
3 0.29609375 0.5203125 0.05625 0.04375
3 0.1109375 0.13203125 0.046875 0.05
3 0.03828125 0.234375 0.040625 0.053125
9 0.0203125 0.21953125 0.028125 0.08125
9 0.3796875 0.246875 0.053125 0.046875
9 0.4359375 0.73046875 0.05 0.0640625
9 0.69609375 0.71796875 0.04375 0.059375
9 0.8828125 0.36484375 0.0390625 0.0625
6 0.46953125 0.33125 0.071875 0.059375
6 0.7328125 0.59921875 0.05 0.071875
7 0.340625 0.4296875 0.103125 0.053125
8 0.37578125 0.52734375 0.0828125 0.0515625
10 0.40546875 0.5796875 0.0890625 0.065625
11 0.5296875 0.71015625 0.05 0.06875
2 0.58671875 0.53125 0.0578125 0.059375
2 0.609375 0.7109375 0.059375 0.071875
5 0.5 0.615625 0.05625 0.05625
5 0.6859375 0.446875 0.053125 0.05625
0 0.57890625 0.34921875 0.065625 0.0625
0 0.45546875 0.453125 0.071875 0.05