2 0.16953125 0.334375 0.0640625 0.046875
2 0.2140625 0.4421875 0.065625 0.0515625
3 0.340625 0.27265625 0.04140625 0.0421875
3 0.29375 0.3515625 0.0421875 0.04375
4 0.5609375 0.2 0.0625 0.08515625
9 0.425 0.28046875 0.03984375 0.046875
6 0.71640625 0.2234375 0.06171875 0.06484375
11 0.6828125 0.3203125 0.05625 0.0515625
0 0.8609375 0.37890625 0.07890625 0.05078125
5 0.5171875 0.38828125 0.0484375 0.0453125
5 0.409375 0.4515625 0.03828125 0.0375
3 0.51171875 0.48515625 0.0390625 0.03359375
1 0.77265625 0.496875 0.1015625 0.05546875
6 0.959375 0.48984375 0.08125 0.040625
11 0.89765625 0.55390625 0.075 0.03828125
3 0.76015625 0.61640625 0.06171875 0.03125
3 0.51171875 0.56796875 0.04375 0.03359375
9 0.27734375 0.5828125 0.04296875 0.0296875
10 0.60859375 0.68984375 0.07109375 0.0453125
8 0.37265625 0.68125 0.0515625 0.03984375
3 0.453125 0.7671875 0.04765625 0.034375