7 0.94609375 0.83984375 0.1 0.0625
8 0.75625 0.49453125 0.06875 0.0375
9 0.7015625 0.365625 0.0546875 0.040625
1 0.6171875 0.95 0.1125 0.1
6 0.51640625 0.840625 0.0796875 0.078125
0 0.55625 0.496875 0.0765625 0.05
4 0.621875 0.28203125 0.1046875 0.075
5 0.6671875 0.16953125 0.0640625 0.0609375
8 0.53671875 0.071875 0.075 0.08125
0 0.46328125 0.17421875 0.08125 0.08125
5 0.41015625 0.2953125 0.065625 0.065625
3 0.48203125 0.36484375 0.053125 0.046875
6 0.4140625 0.5515625 0.078125 0.0546875
8 0.4203125 0.7328125 0.075 0.0796875
3 0.30859375 0.43125 0.05625 0.053125
2 0.30859375 0.60703125 0.075 0.075