5 0.53515625 0.26015625 0.0390625 0.0515625
0 0.64453125 0.3078125 0.04453125 0.0625
3 0.53125 0.32109375 0.034375 0.04375
3 0.5703125 0.346875 0.03671875 0.04296875
3 0.62421875 0.3828125 0.0390625 0.04296875
3 0.6765625 0.4296875 0.04140625 0.0421875
3 0.7234375 0.47109375 0.04453125 0.0390625
3 0.809375 0.49375 0.05078125 0.0390625
4 0.7953125 0.4234375 0.0796875 0.07421875
5 0.90234375 0.5015625 0.06484375 0.05
2 0.41328125 0.2984375 0.03671875 0.06015625
3 0.45625 0.340625 0.0359375 0.04296875
2 0.7328125 0.540625 0.06484375 0.0484375
3 0.503125 0.4546875 0.0390625 0.0390625
8 0.35234375 0.390625 0.04375 0.05859375
11 0.43359375 0.4765625 0.04453125 0.046875
10 0.47734375 0.51875 0.04765625 0.06484375
8 0.60546875 0.621875 0.05078125 0.04296875
9 0.66796875 0.67109375 0.0453125 0.0375
9 0.53359375 0.66796875 0.04453125 0.0390625
6 0.32109375 0.46484375 0.05234375 0.05703125
11 0.359375 0.5140625 0.0484375 0.04765625
0 0.42265625 0.5625 0.04609375 0.05
9 0.26875 0.5046875 0.0453125 0.04140625
9 0.21640625 0.46953125 0.04765625 0.04140625
9 0.16015625 0.4203125 0.0515625 0.0421875
9 0.1390625 0.490625 0.0875 0.07734375