9 0.115625 0.90859375 0.025 0.034375
3 0.34609375 0.69765625 0.046875 0.04375
2 0.39140625 0.61328125 0.05625 0.05
5 0.4421875 0.52421875 0.05625 0.04375
9 0.4421875 0.43671875 0.046875 0.0390625
10 0.48203125 0.42265625 0.0765625 0.0578125
2 0.49296875 0.53359375 0.059375 0.046875
0 0.4921875 0.615625 0.0625 0.05
6 0.55625 0.5203125 0.05625 0.046875
8 0.62734375 0.41171875 0.05 0.059375
7 0.68046875 0.28671875 0.06875 0.0890625
6 0.6859375 0.8078125 0.0484375 0.0703125
11 0.78203125 0.49765625 0.04375 0.053125