2 0.4328125 0.721875 0.0625 0.075
2 0.66484375 0.41171875 0.075 0.0421875
3 0.65 0.23203125 0.05 0.0484375
3 0.53671875 0.2171875 0.053125 0.05625
3 0.621875 0.77578125 0.053125 0.046875
9 0.64921875 0.30078125 0.05 0.04375
3 0.56640625 0.7109375 0.05 0.0484375
11 0.56171875 0.60234375 0.065625 0.0546875
5 0.4875 0.29453125 0.0625 0.0625
9 0.61484375 0.39453125 0.0390625 0.0375
10 0.6875 0.49609375 0.1 0.05
7 0.7421875 0.64609375 0.1125 0.0578125
6 0.42265625 0.4125 0.075 0.05625
6 0.4078125 0.26640625 0.065625 0.0703125
6 0.60859375 0.20546875 0.06875 0.06875
1 0.51328125 0.51171875 0.1078125 0.0625
4 0.56484375 0.41171875 0.1015625 0.0609375
3 0.521875 0.7046875 0.05 0.0484375
3 0.621875 0.67734375 0.05625 0.05
6 0.67890625 0.66328125 0.08125 0.05
9 0.56796875 0.79609375 0.05625 0.053125