5 0.540625 0.27890625 0.03359375 0.0515625
2 0.58125 0.30625 0.03828125 0.0515625
0 0.6203125 0.32734375 0.03828125 0.0640625
1 0.6921875 0.353125 0.05546875 0.090625
4 0.72890625 0.40234375 0.065625 0.08046875
0 0.7796875 0.4328125 0.05234375 0.0609375
2 0.8515625 0.48203125 0.05859375 0.06015625
5 0.89921875 0.5265625 0.0625 0.05390625
3 0.48046875 0.31015625 0.028125 0.04140625
3 0.5171875 0.32890625 0.03203125 0.0421875
3 0.58203125 0.365625 0.03671875 0.04296875
3 0.6125 0.40390625 0.03515625 0.0421875
3 0.66953125 0.43828125 0.03671875 0.0421875
3 0.70859375 0.4765625 0.04140625 0.0421875
3 0.78984375 0.51484375 0.046875 0.04375
3 0.82578125 0.55859375 0.05 0.04453125
11 0.11015625 0.4546875 0.05859375 0.0515625
8 0.1390625 0.49921875 0.065625 0.053125
6 0.1703125 0.53046875 0.04140625 0.04140625
7 0.20859375 0.56875 0.08359375 0.08046875
10 0.25546875 0.6296875 0.07578125 0.071875
6 0.30546875 0.68671875 0.05859375 0.0546875
8 0.35546875 0.75234375 0.0671875 0.05390625
11 0.425 0.81640625 0.0546875 0.04765625
9 0.50234375 0.7609375 0.04921875 0.04296875
9 0.45390625 0.71484375 0.04375 0.040625
9 0.39375 0.65625 0.040625 0.04375
9 0.34765625 0.59765625 0.0421875 0.04140625
9 0.296875 0.5515625 0.0453125 0.04453125
9 0.26171875 0.5140625 0.04609375 0.04140625
9 0.2203125 0.47109375 0.0421875 0.04296875
9 0.17890625 0.43515625 0.0453125 0.04375