3 0.51640625 0.35390625 0.04140625 0.05390625
0 0.34375 0.40859375 0.05546875 0.09921875
3 0.40078125 0.396875 0.040625 0.059375
8 0.4578125 0.39453125 0.04375 0.078125
9 0.6515625 0.42265625 0.04375 0.0625
9 0.5578125 0.41953125 0.034375 0.0609375
0 0.52578125 0.434375 0.04609375 0.10234375
3 0.6234375 0.45859375 0.03984375 0.0328125
3 0.7296875 0.47734375 0.05078125 0.06796875
9 0.621875 0.509375 0.0453125 0.07265625
9 0.434375 0.43828125 0.046875 0.0609375
3 0.39921875 0.4765625 0.053125 0.06796875
11 0.4890625 0.49296875 0.04296875 0.08359375
2 0.578125 0.55390625 0.0625 0.10078125
6 0.45546875 0.52421875 0.06328125 0.1171875
5 0.3359375 0.52109375 0.06796875 0.0890625
7 0.2765625 0.42578125 0.07421875 0.1484375
4 0.2359375 0.471875 0.08984375 0.14609375