9 0.13125 0.66171875 0.0609375 0.065625
9 0.24921875 0.6609375 0.05703125 0.059375
9 0.353125 0.6625 0.05390625 0.0640625
9 0.4453125 0.65078125 0.04140625 0.028125
9 0.56953125 0.6609375 0.04375 0.0625
9 0.690625 0.66484375 0.05703125 0.06328125
9 0.78359375 0.66484375 0.05234375 0.0625
9 0.9140625 0.665625 0.07109375 0.06484375
3 0.6421875 0.53828125 0.03984375 0.05625
3 0.46796875 0.49921875 0.04375 0.0546875
5 0.26875 0.38515625 0.040625 0.05390625
5 0.7515625 0.37734375 0.0421875 0.05703125
2 0.3421875 0.37578125 0.03828125 0.0609375
2 0.696875 0.3703125 0.03828125 0.05703125
0 0.41015625 0.36484375 0.03671875 0.0734375
0 0.62421875 0.36796875 0.03828125 0.071875
1 0.56484375 0.3515625 0.04453125 0.103125
4 0.47421875 0.35859375 0.034375 0.084375
11 0.9421875 0.73671875 0.09296875 0.07578125
8 0.81015625 0.7296875 0.075 0.084375
6 0.71875 0.7328125 0.06953125 0.09296875
7 0.59296875 0.73046875 0.07890625 0.12890625
10 0.45390625 0.71640625 0.07265625 0.11640625
6 0.33828125 0.73515625 0.0703125 0.0953125
8 0.20546875 0.728125 0.071875 0.0890625
11 0.09765625 0.725 0.0859375 0.0796875
3 0.62890625 0.41953125 0.03671875 0.04765625
3 0.55859375 0.41796875 0.034375 0.05
3 0.471875 0.41484375 0.0328125 0.04765625
3 0.39296875 0.41953125 0.0328125 0.05
3 0.69765625 0.40625 0.0359375 0.05
3 0.33125 0.41796875 0.03828125 0.05