5 0.74296875 0.33125 0.04921875 0.0546875
3 0.69140625 0.35703125 0.03984375 0.04609375
4 0.62734375 0.3171875 0.05625 0.0921875
3 0.628125 0.37265625 0.0390625 0.046875
3 0.559375 0.36796875 0.0328125 0.04765625
3 0.47890625 0.36328125 0.034375 0.04765625
0 0.41796875 0.315625 0.03515625 0.07265625
3 0.40390625 0.36484375 0.034375 0.04765625
3 0.34765625 0.365625 0.0359375 0.04765625
5 0.28359375 0.33203125 0.03984375 0.05546875
2 0.7109375 0.396875 0.046875 0.06640625
3 0.315625 0.40234375 0.040625 0.0515625
2 0.2328125 0.39375 0.05234375 0.065625
3 0.48828125 0.440625 0.04140625 0.05390625
9 0.8265625 0.48046875 0.053125 0.053125
8 0.74765625 0.47890625 0.0578125 0.0671875
10 0.56953125 0.46953125 0.0625 0.1
11 0.47109375 0.4796875 0.0453125 0.06015625
8 0.3015625 0.4703125 0.05625 0.0703125
0 0.57578125 0.52578125 0.05234375 0.08203125
11 0.46875 0.5359375 0.04921875 0.0640625
8 0.38203125 0.5203125 0.05078125 0.0796875
9 0.384375 0.58046875 0.04765625 0.0546875
9 0.76328125 0.5375 0.05703125 0.0546875
9 0.86796875 0.59375 0.065625 0.0578125
9 0.790625 0.6 0.06015625 0.05859375
9 0.6875 0.58828125 0.0484375 0.0578125
9 0.29140625 0.58828125 0.04375 0.05390625
9 0.16015625 0.5921875 0.05859375 0.059375
1 0.2765625 0.6234375 0.078125 0.12578125
6 0.71484375 0.6515625 0.06796875 0.0859375
7 0.60390625 0.62578125 0.0765625 0.12265625