2 0.7640625 0.61796875 0.1109375 0.0765625
0 0.79921875 0.29140625 0.128125 0.071875
8 0.8359375 0.37890625 0.1140625 0.078125
1 0.73984375 0.3578125 0.175 0.08125
10 0.67109375 0.69921875 0.15 0.128125
7 0.58203125 0.721875 0.153125 0.153125
9 0.6203125 0.51171875 0.08125 0.06875
3 0.728125 0.52109375 0.0859375 0.078125
3 0.5296875 0.5171875 0.0734375 0.071875
5 0.8296875 0.52421875 0.1015625 0.071875
4 0.62421875 0.378125 0.153125 0.090625
9 0.53125 0.4078125 0.0796875 0.075
8 0.47421875 0.6953125 0.096875 0.1078125
11 0.446875 0.47734375 0.0875 0.0828125