8 0.55625 0.7453125 0.0484375 0.0640625
5 0.65234375 0.69453125 0.053125 0.05625
5 0.5203125 0.665625 0.0484375 0.059375
0 0.37578125 0.634375 0.04375 0.078125
1 0.290625 0.7265625 0.0484375 0.1125
11 0.21015625 0.6984375 0.04375 0.0609375
4 0.31484375 0.5265625 0.0578125 0.096875
2 0.16875 0.4984375 0.0546875 0.075
3 0.2140625 0.3765625 0.05 0.05625
3 0.46171875 0.390625 0.05 0.053125
9 0.52734375 0.45078125 0.053125 0.053125
6 0.5734375 0.5328125 0.059375 0.075
2 0.7671875 0.5109375 0.075 0.059375