6 0.2796875 0.4859375 0.090625 0.0484375
3 0.2890625 0.35859375 0.059375 0.040625
9 0.3125 0.28515625 0.059375 0.046875
3 0.36484375 0.28515625 0.059375 0.053125
3 0.3390625 0.3328125 0.059375 0.046875
3 0.31484375 0.41953125 0.0609375 0.0390625
11 0.3734375 0.3953125 0.0765625 0.053125
1 0.28359375 0.5515625 0.13125 0.053125
4 0.353125 0.53828125 0.1265625 0.0578125
10 0.31796875 0.61015625 0.1265625 0.05625
2 0.3734375 0.67578125 0.0859375 0.05625
2 0.41484375 0.596875 0.08125 0.059375
8 0.48203125 0.6 0.0953125 0.059375
3 0.45859375 0.68671875 0.06875 0.059375
9 0.434375 0.76640625 0.065625 0.0609375
3 0.465625 0.846875 0.0703125 0.05625
8 0.50078125 0.79765625 0.09375 0.0921875
9 0.56875 0.70625 0.078125 0.06875
6 0.30625 0.459375 0.04375 0.040625
7 0.3796875 0.46796875 0.140625 0.071875
5 0.45078125 0.5296875 0.08125 0.0578125