11 0.71015625 0.384375 0.07421875 0.09296875
5 0.14609375 0.50390625 0.10390625 0.0921875
8 0.20078125 0.6 0.11171875 0.10546875
8 0.59921875 0.29453125 0.065625 0.096875
9 0.490625 0.42734375 0.05703125 0.07578125
9 0.64921875 0.44609375 0.0578125 0.08046875
10 0.39296875 0.315625 0.08984375 0.15
7 0.503125 0.28203125 0.0640625 0.17265625
2 0.24375 0.41015625 0.1046875 0.0890625
3 0.33046875 0.4625 0.06953125 0.071875
3 0.59765625 0.38125 0.05546875 0.04453125
4 0.58671875 0.4578125 0.08515625 0.1453125
1 0.446875 0.5125 0.08671875 0.1484375
0 0.3390625 0.63203125 0.0890625 0.10546875