5 0.7375 0.2859375 0.0578125 0.0453125
3 0.73359375 0.35546875 0.046875 0.040625
2 0.709375 0.4203125 0.065625 0.0421875
3 0.7046875 0.3453125 0.05 0.040625
4 0.69296875 0.2578125 0.1 0.06875
1 0.6578125 0.24453125 0.109375 0.0671875
3 0.66015625 0.34375 0.0484375 0.0359375
3 0.63046875 0.3578125 0.0484375 0.040625
0 0.590625 0.48671875 0.075 0.04375
3 0.5796875 0.31875 0.053125 0.04375
9 0.58515625 0.234375 0.053125 0.046875
3 0.52734375 0.3109375 0.05 0.046875
3 0.484375 0.30546875 0.053125 0.046875
0 0.55 0.203125 0.0765625 0.0625
2 0.48515625 0.20625 0.0625 0.0734375
3 0.39375 0.2609375 0.05625 0.05625
5 0.4125 0.16796875 0.065625 0.071875
9 0.7265625 0.7203125 0.05 0.040625
9 0.6984375 0.7328125 0.0484375 0.040625
8 0.7015625 0.6484375 0.0609375 0.05
9 0.66015625 0.7265625 0.046875 0.04375
6 0.67265625 0.8203125 0.075 0.059375
6 0.64375 0.82421875 0.10625 0.078125