7 0.296875 0.44453125 0.103125 0.04375
10 0.33984375 0.59296875 0.0921875 0.05
11 0.33515625 0.25859375 0.059375 0.0515625
8 0.3734375 0.40546875 0.065625 0.040625
1 0.421875 0.271875 0.103125 0.071875
6 0.4421875 0.390625 0.0734375 0.0484375
4 0.44453125 0.50390625 0.09375 0.053125
2 0.3921875 0.6421875 0.0640625 0.05
9 0.434375 0.5890625 0.05 0.040625
9 0.4515625 0.70546875 0.046875 0.0453125
0 0.52578125 0.3515625 0.06875 0.046875
5 0.53515625 0.49296875 0.059375 0.0484375
5 0.61015625 0.7296875 0.0625 0.0625
3 0.48046875 0.759375 0.05 0.046875
8 0.51171875 0.7171875 0.06875 0.06875
3 0.55546875 0.6203125 0.0484375 0.046875
2 0.625 0.47734375 0.06875 0.05
3 0.75625 0.43828125 0.053125 0.053125
6 0.6625 0.2484375 0.0671875 0.06875