9 0.484375 0.2265625 0.034375 0.046875
9 0.521875 0.25 0.03515625 0.04453125
9 0.56171875 0.28515625 0.0359375 0.04453125
6 0.62265625 0.24765625 0.0421875 0.06875
11 0.71875 0.3171875 0.05234375 0.05546875
11 0.92109375 0.44140625 0.06796875 0.0515625
10 0.79609375 0.41640625 0.08203125 0.07734375
9 0.87109375 0.4828125 0.05703125 0.04140625
9 0.6171875 0.39765625 0.04140625 0.04609375
9 0.61328125 0.465625 0.0421875 0.04140625
7 0.50546875 0.3515625 0.0484375 0.090625
8 0.4671875 0.2796875 0.0390625 0.059375
8 0.44921875 0.334375 0.04375 0.059375
3 0.3671875 0.27890625 0.03125 0.04140625
1 0.34765625 0.3171875 0.05859375 0.0921875
6 0.38671875 0.3828125 0.04453125 0.06328125
0 0.490625 0.4578125 0.0421875 0.059375
9 0.3890625 0.45078125 0.0375 0.04375
2 0.27265625 0.375 0.059375 0.0546875
3 0.209375 0.41015625 0.0484375 0.04453125
3 0.2515625 0.44765625 0.04609375 0.04296875
5 0.09765625 0.3921875 0.0609375 0.05546875
4 0.17578125 0.46328125 0.08359375 0.07890625
3 0.36953125 0.5390625 0.0421875 0.04140625
9 0.296875 0.5765625 0.0453125 0.04140625
3 0.43125 0.58359375 0.0421875 0.03984375
0 0.334375 0.625 0.05234375 0.0515625
2 0.415625 0.66328125 0.046875 0.05234375
3 0.4765625 0.6203125 0.0421875 0.0390625
3 0.55390625 0.7046875 0.046875 0.03984375
5 0.47421875 0.7421875 0.05 0.04765625
3 0.62265625 0.546875 0.0390625 0.03828125