5 0.85546875 0.35703125 0.05 0.0390625
2 0.83984375 0.4 0.053125 0.053125
0 0.82734375 0.44140625 0.059375 0.0625
1 0.825 0.49765625 0.08125 0.084375
4 0.7734375 0.55546875 0.078125 0.0734375
0 0.7671875 0.61484375 0.059375 0.05625
2 0.74609375 0.69765625 0.075 0.05
5 0.70390625 0.75390625 0.0625 0.0515625
3 0.60859375 0.71640625 0.0453125 0.04375
3 0.6515625 0.66796875 0.046875 0.04375
3 0.66015625 0.5921875 0.0421875 0.04375
3 0.69296875 0.54375 0.04375 0.040625
3 0.70859375 0.4875 0.040625 0.04375
3 0.7484375 0.44609375 0.046875 0.040625
3 0.76015625 0.3875 0.040625 0.04375
3 0.7609375 0.353125 0.0375 0.04375
11 0.37109375 0.26953125 0.040625 0.053125
8 0.33046875 0.30703125 0.0484375 0.053125
6 0.30546875 0.33984375 0.05 0.065625
7 0.26875 0.3609375 0.0671875 0.09375
10 0.225 0.41640625 0.0765625 0.078125
6 0.19296875 0.4671875 0.065625 0.0625
8 0.140625 0.525 0.071875 0.053125
11 0.10390625 0.5859375 0.06875 0.05
9 0.19140625 0.60625 0.0546875 0.04375
9 0.22421875 0.559375 0.053125 0.040625
9 0.26484375 0.50078125 0.0453125 0.04375
9 0.31171875 0.45 0.0421875 0.04375
9 0.34296875 0.4 0.040625 0.04375
9 0.371875 0.365625 0.0375 0.0421875
9 0.40390625 0.325 0.034375 0.04375
9 0.4265625 0.2875 0.034375 0.04375