0 0.71484375 0.2859375 0.1234375 0.09375
1 0.66015625 0.3734375 0.171875 0.115625
11 0.36875 0.6015625 0.090625 0.09375
9 0.565625 0.578125 0.08125 0.075
8 0.77421875 0.37265625 0.1125 0.1
10 0.65234375 0.7640625 0.159375 0.121875
7 0.5546875 0.81484375 0.159375 0.15625
3 0.47109375 0.6125 0.08125 0.08125
3 0.68359375 0.55 0.090625 0.06875
5 0.790625 0.52890625 0.1078125 0.0765625
3 0.9734375 0.1953125 0.053125 0.078125
2 0.73984375 0.64375 0.1203125 0.075
4 0.540625 0.4328125 0.140625 0.1140625
8 0.4375 0.8296875 0.1078125 0.125
9 0.4515625 0.50234375 0.08125 0.0828125