4 0.22578125 0.3703125 0.09375 0.040625
3 0.2859375 0.38984375 0.04375 0.03125
1 0.22109375 0.44921875 0.103125 0.040625
3 0.284375 0.44296875 0.025 0.025
11 0.571875 0.56484375 0.06875 0.05625
6 0.34453125 0.38046875 0.0796875 0.04375
8 0.453125 0.28359375 0.06875 0.053125
8 0.403125 0.36015625 0.071875 0.046875
10 0.42421875 0.74375 0.103125 0.078125
9 0.52578125 0.18515625 0.0578125 0.05625
9 0.528125 0.26640625 0.05625 0.053125
9 0.5140625 0.36328125 0.053125 0.0421875
9 0.453125 0.5640625 0.05625 0.040625
9 0.4015625 0.6359375 0.053125 0.040625
9 0.50546875 0.88671875 0.053125 0.059375
9 0.31953125 0.44921875 0.05 0.034375
9 0.246875 0.52109375 0.046875 0.03125
0 0.23125 0.58828125 0.075 0.0359375
5 0.24453125 0.24375 0.046875 0.0375
5 0.24140625 0.74296875 0.05625 0.04375
2 0.2421875 0.6625 0.059375 0.0375
3 0.27578125 0.77109375 0.046875 0.0375
3 0.2859375 0.66484375 0.0453125 0.034375
3 0.2828125 0.61015625 0.046875 0.03125
3 0.28046875 0.53125 0.046875 0.03125
3 0.27265625 0.296875 0.025 0.028125
3 0.2828125 0.23515625 0.05 0.0421875
7 0.3859375 0.44609375 0.1125 0.053125
2 0.31328125 0.296875 0.0671875 0.05
6 0.56953125 0.37578125 0.08125 0.053125
0 0.34296875 0.54296875 0.08125 0.04375
11 0.55859375 0.91171875 0.06875 0.0796875