6 0.64609375 0.315625 0.071875 0.065625
6 0.48828125 0.65625 0.078125 0.0578125
8 0.421875 0.74296875 0.075 0.0578125
8 0.48125 0.25 0.06875 0.059375
9 0.56328125 0.1359375 0.05625 0.065625
9 0.56953125 0.2203125 0.05625 0.059375
9 0.55625 0.32578125 0.05625 0.046875
9 0.25234375 0.52421875 0.0484375 0.034375
9 0.5 0.45234375 0.05625 0.04375
9 0.55234375 0.640625 0.05 0.0515625
9 0.5609375 0.74375 0.0515625 0.0546875
9 0.5640625 0.875 0.053125 0.0609375
11 0.621875 0.890625 0.0625 0.084375
11 0.49375 0.5546875 0.059375 0.040625
10 0.5453125 0.540625 0.0953125 0.059375
7 0.603125 0.428125 0.1078125 0.0625
0 0.3640625 0.53125 0.08125 0.0453125
0 0.2359375 0.5953125 0.078125 0.040625
5 0.2484375 0.7625 0.05625 0.0453125
5 0.24921875 0.23515625 0.059375 0.0515625
2 0.2515625 0.6765625 0.06875 0.0421875
4 0.23203125 0.3640625 0.1015625 0.053125
1 0.2265625 0.44609375 0.1046875 0.046875
3 0.2875 0.78828125 0.05 0.04375
3 0.29765625 0.67265625 0.05 0.0375
3 0.2953125 0.61171875 0.05 0.034375
3 0.2921875 0.52890625 0.05 0.034375
3 0.30703125 0.4375 0.0515625 0.034375
3 0.29375 0.38203125 0.0515625 0.0375
3 0.29140625 0.22265625 0.053125 0.04375
3 0.290625 0.28671875 0.046875 0.040625
2 0.32734375 0.27890625 0.06875 0.053125