3 0.47578125 0.2234375 0.0359375 0.046875
2 0.50234375 0.29140625 0.040625 0.0609375
0 0.41171875 0.36796875 0.0421875 0.0625
5 0.5265625 0.36875 0.046875 0.053125
2 0.475 0.403125 0.040625 0.059375
6 0.13515625 0.43125 0.065625 0.05625
9 0.60234375 0.40703125 0.040625 0.0421875
10 0.56640625 0.440625 0.065625 0.06875
6 0.4328125 0.45625 0.04375 0.053125
8 0.45703125 0.55234375 0.05 0.04375
7 0.49921875 0.64140625 0.0625 0.0546875
11 0.27578125 0.621875 0.0546875 0.0453125
1 0.93515625 0.63359375 0.121875 0.053125
4 0.890625 0.78125 0.115625 0.0453125