11 0.40625 0.8375 0.075 0.071875
10 0.4359375 0.74296875 0.125 0.09375
6 0.50078125 0.5171875 0.1 0.059375
3 0.26171875 0.60625 0.05625 0.040625
9 0.2921875 0.14453125 0.0609375 0.04375
9 0.3453125 0.225 0.0625 0.05
9 0.2453125 0.415625 0.059375 0.0390625
9 0.22578125 0.51953125 0.053125 0.040625
9 0.309375 0.6015625 0.059375 0.04375
8 0.2125 0.25078125 0.0734375 0.046875
3 0.53984375 0.89375 0.06875 0.075
3 0.36015625 0.59921875 0.0625 0.046875
3 0.265625 0.68203125 0.059375 0.04375
3 0.1890625 0.39609375 0.053125 0.03125
3 0.48984375 0.08671875 0.065625 0.06875
2 0.45078125 0.40390625 0.084375 0.059375
5 0.2546875 0.321875 0.06875 0.046875
0 0.33828125 0.5296875 0.09375 0.05
0 0.2859375 0.315625 0.09375 0.05
4 0.37578125 0.290625 0.128125 0.078125
6 0.17109375 0.1796875 0.084375 0.05