5 0.23125 0.2296875 0.06875 0.053125
2 0.228125 0.2953125 0.071875 0.0453125
3 0.265625 0.2921875 0.05625 0.0421875
0 0.22578125 0.3796875 0.0875 0.046875
3 0.2859375 0.371875 0.053125 0.04375
1 0.20625 0.45 0.115625 0.0515625
3 0.2828125 0.4546875 0.05625 0.04375
4 0.21953125 0.55 0.109375 0.05
3 0.28203125 0.553125 0.0578125 0.04375
0 0.2234375 0.62578125 0.0875 0.04375
3 0.28515625 0.6421875 0.059375 0.0421875
2 0.23671875 0.70703125 0.0734375 0.04375
3 0.2859375 0.71171875 0.05625 0.04375
5 0.24609375 0.790625 0.065625 0.05
3 0.4171875 0.3640625 0.059375 0.046875
3 0.37734375 0.55390625 0.059375 0.04375
9 0.5390625 0.1046875 0.0625 0.0625
11 0.60078125 0.08828125 0.078125 0.075
9 0.5375 0.23515625 0.065625 0.053125
8 0.59296875 0.21796875 0.0859375 0.0625
9 0.5390625 0.3265625 0.0625 0.053125
6 0.59453125 0.30546875 0.096875 0.0625
9 0.53671875 0.4421875 0.0625 0.05
7 0.590625 0.42421875 0.13125 0.071875
9 0.521875 0.56875 0.0203125 0.0359375
10 0.5796875 0.553125 0.11875 0.0671875
9 0.5390625 0.65859375 0.059375 0.053125
6 0.59921875 0.6640625 0.096875 0.0640625
9 0.5390625 0.76328125 0.065625 0.05
9 0.5390625 0.88359375 0.065625 0.0578125
8 0.59765625 0.7890625 0.090625 0.065625
11 0.59453125 0.9015625 0.0796875 0.071875