7 0.72265625 0.66953125 0.128125 0.0625
11 0.62421875 0.853125 0.0703125 0.06875
8 0.63984375 0.64453125 0.0828125 0.053125
10 0.7265625 0.47890625 0.115625 0.053125
2 0.69296875 0.40078125 0.075 0.0453125
9 0.6609375 0.290625 0.0578125 0.046875
3 0.66796875 0.2125 0.025 0.0328125
8 0.61640625 0.21328125 0.078125 0.0734375
5 0.54765625 0.11015625 0.075 0.071875
3 0.553125 0.25859375 0.0625 0.05
9 0.63984375 0.41171875 0.059375 0.046875
4 0.61796875 0.4609375 0.121875 0.053125
5 0.5265625 0.39296875 0.075 0.059375
6 0.575 0.58203125 0.09375 0.05625
1 0.5609375 0.725 0.134375 0.09375
0 0.490625 0.5328125 0.09375 0.05625
2 0.44609375 0.3109375 0.090625 0.065625
6 0.31640625 0.496875 0.1015625 0.06875
3 0.31171875 0.215625 0.0703125 0.071875