7 0.3125 0.73046875 0.1203125 0.071875
9 0.646875 0.3984375 0.053125 0.0578125
9 0.496875 0.1140625 0.053125 0.071875
9 0.5671875 0.7796875 0.053125 0.0625
9 0.25078125 0.62109375 0.059375 0.046875
6 0.325 0.53125 0.0828125 0.05625
6 0.5734375 0.31328125 0.0671875 0.0828125
11 0.5828125 0.61484375 0.0609375 0.059375
8 0.3953125 0.76328125 0.0765625 0.059375
10 0.43359375 0.71875 0.09375 0.0703125
3 0.36015625 0.88515625 0.059375 0.0578125
3 0.39921875 0.2375 0.0546875 0.0625
0 0.38203125 0.4125 0.078125 0.05625
0 0.38671875 0.59921875 0.078125 0.046875
2 0.48671875 0.4625 0.0703125 0.0671875
2 0.60703125 0.50078125 0.06875 0.05625
5 0.50546875 0.6109375 0.0625 0.0578125
5 0.47421875 0.32109375 0.059375 0.0640625