5 0.46640625 0.01875 0.0328125 0.0375
6 0.23203125 0.26953125 0.065625 0.0546875
6 0.290625 0.35546875 0.059375 0.046875
9 0.3015625 0.43671875 0.04375 0.0375
9 0.2921875 0.5171875 0.040625 0.0359375
9 0.30859375 0.68125 0.04375 0.04375
3 0.30078125 0.59921875 0.04375 0.040625
3 0.3015625 0.75859375 0.04375 0.046875
2 0.35546875 0.76953125 0.059375 0.0578125
2 0.36171875 0.6 0.053125 0.05
3 0.35546875 0.51328125 0.040625 0.0359375
7 0.34140625 0.690625 0.075 0.065625
11 0.40546875 0.25234375 0.05 0.05625
11 0.41484375 0.43203125 0.046875 0.0453125
1 0.396875 0.51015625 0.0671875 0.0515625
5 0.4140625 0.59921875 0.046875 0.046875
8 0.4109375 0.6734375 0.05 0.053125
9 0.421875 0.784375 0.0375 0.05
10 0.4671875 0.775 0.059375 0.0796875
3 0.4734375 0.2359375 0.034375 0.05
5 0.48828125 0.49921875 0.040625 0.0453125
0 0.47890625 0.59765625 0.0421875 0.046875
4 0.47265625 0.6828125 0.05625 0.071875
8 0.54140625 0.69453125 0.040625 0.059375
9 0.534375 0.6046875 0.034375 0.0390625
9 0.54765625 0.51484375 0.03125 0.040625
9 0.61015625 0.59453125 0.03125 0.040625
0 0.60625 0.22734375 0.0375 0.06875