0 0.25078125 0.596875 0.134375 0.1203125
0 0.52421875 0.1890625 0.059375 0.1265625
3 0.4078125 0.23359375 0.06640625 0.08515625
3 0.40390625 0.4265625 0.065625 0.08671875
5 0.58125 0.56171875 0.0875 0.1
2 0.59921875 0.33359375 0.06953125 0.1203125
6 0.8265625 0.54375 0.12421875 0.12265625
3 0.0265625 0.11953125 0.053125 0.0828125
7 0.70234375 0.2203125 0.109375 0.19609375
10 0.76640625 0.3734375 0.15078125 0.16328125
9 0.321875 0.31015625 0.0796875 0.08984375
9 0.5140625 0.36953125 0.06484375 0.08671875