7 0.3484375 0.44453125 0.103125 0.05
10 0.38984375 0.70390625 0.096875 0.059375
9 0.36640625 0.66953125 0.025 0.0296875
4 0.4203125 0.64609375 0.096875 0.059375
2 0.403125 0.58359375 0.0609375 0.040625
0 0.4578125 0.5875 0.075 0.04375
9 0.42421875 0.30703125 0.0484375 0.04375
6 0.4421875 0.23671875 0.0734375 0.059375
2 0.521875 0.19453125 0.065625 0.0671875
11 0.4921875 0.3984375 0.0609375 0.0515625
9 0.49765625 0.64296875 0.053125 0.040625
5 0.49921875 0.51171875 0.0625 0.046875
2 0.5265625 0.44765625 0.071875 0.05
1 0.553125 0.3578125 0.10625 0.06875
3 0.6203125 0.265625 0.05625 0.05625
9 0.55078125 0.7109375 0.05625 0.05
9 0.640625 0.73515625 0.0546875 0.053125
0 0.7234375 0.38984375 0.08125 0.065625