5 0.0875 0.378125 0.05625 0.0625
3 0.20703125 0.39140625 0.04375 0.0484375
3 0.26015625 0.36796875 0.0375 0.05
0 0.21484375 0.30234375 0.05 0.075
4 0.42265625 0.23203125 0.046875 0.09375
5 0.51015625 0.20625 0.04375 0.0546875
3 0.49375 0.25234375 0.034375 0.0484375
3 0.465625 0.29296875 0.034375 0.046875
3 0.40546875 0.3109375 0.0375 0.05
3 0.33046875 0.33671875 0.0390625 0.05
2 0.14921875 0.48203125 0.06875 0.0578125
3 0.23515625 0.4515625 0.04375 0.05
3 0.44375 0.421875 0.040625 0.05
2 0.56875 0.29453125 0.053125 0.065625
8 0.678125 0.37265625 0.065625 0.059375
8 0.3375 0.5359375 0.053125 0.05625
11 0.6703125 0.44609375 0.05625 0.053125
0 0.62421875 0.48203125 0.0625 0.0609375
6 0.47265625 0.55390625 0.053125 0.059375
9 0.83125 0.43828125 0.05625 0.0453125
9 0.79296875 0.46796875 0.0546875 0.046875
9 0.72734375 0.49296875 0.053125 0.04375
9 0.67734375 0.534375 0.05 0.046875
9 0.59453125 0.57890625 0.05 0.046875
9 0.525 0.6015625 0.0484375 0.0421875
9 0.465625 0.65078125 0.05 0.04375
9 0.3703125 0.7125 0.05 0.04375
11 0.92109375 0.4765625 0.075 0.05
6 0.82265625 0.53828125 0.05625 0.059375
7 0.75234375 0.5734375 0.103125 0.075
10 0.69609375 0.62109375 0.096875 0.071875
1 0.53984375 0.69375 0.0828125 0.071875