2 0.79609375 0.0140625 0.0609375 0.028125
9 0.978125 0.028125 0.04375 0.03359375
6 0.5921875 0.2546875 0.05078125 0.09140625
9 0.44765625 0.27578125 0.046875 0.06015625
5 0.3484375 0.2859375 0.05234375 0.07265625
7 0.32578125 0.315625 0.07890625 0.13125
9 0.465625 0.34375 0.0453125 0.0625
0 0.51953125 0.29453125 0.0484375 0.0921875
2 0.65625 0.3015625 0.05078125 0.078125
5 0.30234375 0.41171875 0.065625 0.07421875
8 0.14140625 0.41171875 0.08359375 0.08359375
9 0.459375 0.428125 0.05 0.059375
3 0.38125 0.4546875 0.05 0.06015625
11 0.75 0.33671875 0.06328125 0.07109375
1 0.6765625 0.3625 0.0828125 0.1296875
10 0.540625 0.43828125 0.06796875 0.11015625
6 0.78515625 0.38359375 0.07890625 0.08984375
4 0.6921875 0.45 0.09609375 0.11171875
8 0.553125 0.56171875 0.0640625 0.08203125
3 0.4671875 0.515625 0.05078125 0.06015625
11 0.27265625 0.5140625 0.06796875 0.07421875