2 0.2609375 0.4078125 0.053125 0.071875
2 0.43203125 0.4109375 0.04375 0.065625
7 0.34375 0.38125 0.05625 0.109375
9 0.58984375 0.3703125 0.0375 0.05
6 0.7421875 0.32109375 0.046875 0.075
6 0.66953125 0.35859375 0.0453125 0.078125
11 0.609375 0.4484375 0.05 0.0640625
1 0.525 0.41796875 0.053125 0.11875
5 0.43203125 0.4484375 0.0453125 0.0625
0 0.43203125 0.4921875 0.05 0.084375
8 0.35234375 0.44609375 0.053125 0.071875
10 0.23828125 0.4796875 0.08125 0.109375
4 0.3375 0.4828125 0.071875 0.1078125
8 0.31875 0.5546875 0.06875 0.078125
9 0.421875 0.55234375 0.046875 0.059375
9 0.4328125 0.6265625 0.053125 0.0625
9 0.52890625 0.71484375 0.053125 0.065625
3 0.8359375 0.4953125 0.05625 0.05625
0 0.890625 0.60859375 0.084375 0.090625
3 0.1984375 0.6296875 0.0609375 0.0640625
9 0.09765625 0.57109375 0.0625 0.0625