4 0.5359375 0.3859375 0.0640625 0.1078125
3 0.02265625 0.2875 0.0453125 0.04375
3 0.05625 0.21953125 0.05625 0.040625
5 0.36015625 0.28203125 0.040625 0.0625
5 0.40859375 0.4 0.053125 0.071875
2 0.67109375 0.3359375 0.059375 0.075
2 0.2734375 0.390625 0.0578125 0.071875
3 0.4140625 0.33828125 0.0390625 0.05
3 0.54453125 0.2796875 0.034375 0.0546875
0 0.3828125 0.4734375 0.0609375 0.0875
10 0.753125 0.34921875 0.078125 0.1046875
6 0.1578125 0.49765625 0.075 0.084375
6 0.5296875 0.4734375 0.05625 0.0875
8 0.48203125 0.2921875 0.046875 0.071875
9 0.59765625 0.36796875 0.040625 0.059375
8 0.68671875 0.4859375 0.06875 0.075
11 0.78515625 0.63671875 0.08125 0.06875
9 0.06328125 0.0796875 0.040625 0.0484375
7 0.059375 0.278125 0.0875 0.0875
1 0.5234375 0.546875 0.06875 0.115625
9 0.58203125 0.30546875 0.0375 0.053125