6 0.7078125 0.71015625 0.06953125 0.0421875
3 0.515625 0.69765625 0.05234375 0.04453125
1 0.503125 0.121875 0.04921875 0.11328125
2 0.82109375 0.23515625 0.065625 0.06484375
7 0.73828125 0.33046875 0.08046875 0.0984375
8 0.64765625 0.41015625 0.05078125 0.06484375
10 0.4546875 0.390625 0.05703125 0.08359375
9 0.371875 0.403125 0.046875 0.0484375
11 0.8375 0.4890625 0.071875 0.04921875
6 0.54375 0.478125 0.05078125 0.05703125
2 0.446875 0.47890625 0.05625 0.05625
5 0.36015625 0.4703125 0.059375 0.05390625
4 0.3484375 0.528125 0.0765625 0.0703125
3 0.15390625 0.52421875 0.06171875 0.04375