0 0.534375 0.31328125 0.03125 0.06875
5 0.84921875 0.3515625 0.0453125 0.05625
4 0.7234375 0.325 0.046875 0.096875
3 0.78046875 0.36796875 0.028125 0.05
3 0.696875 0.37265625 0.034375 0.046875
2 0.75703125 0.3953125 0.0453125 0.06875
3 0.6328125 0.36328125 0.03125 0.0484375
3 0.56171875 0.35390625 0.03125 0.046875
3 0.4953125 0.3484375 0.034375 0.0453125
5 0.41796875 0.31875 0.03125 0.0484375
3 0.4484375 0.34453125 0.03125 0.04375
3 0.3953125 0.36484375 0.0375 0.046875
2 0.3359375 0.3515625 0.040625 0.0578125
9 0.81015625 0.4734375 0.046875 0.0609375
8 0.721875 0.45859375 0.046875 0.075
3 0.5046875 0.40390625 0.0328125 0.0515625
10 0.5359375 0.42109375 0.0484375 0.109375
11 0.46015625 0.42734375 0.046875 0.0625
8 0.3265625 0.40078125 0.040625 0.065625
6 0.35 0.43828125 0.053125 0.084375
11 0.41015625 0.46171875 0.0375 0.065625
9 0.69375 0.50703125 0.0484375 0.0640625
9 0.75234375 0.56640625 0.05625 0.06875
9 0.665625 0.55703125 0.053125 0.0671875
0 0.51171875 0.46484375 0.05 0.0890625
9 0.5734375 0.53125 0.04375 0.065625
9 0.3171875 0.48203125 0.046875 0.0546875
9 0.24140625 0.47578125 0.05 0.05625
9 0.13984375 0.46171875 0.025 0.053125
1 0.184375 0.47734375 0.084375 0.13125
6 0.5328125 0.5703125 0.05625 0.103125
7 0.4375 0.52421875 0.06875 0.1390625