3 0.47421875 0.18828125 0.03203125 0.04921875
0 0.44296875 0.20859375 0.03828125 0.07578125
4 0.4015625 0.2421875 0.04375 0.09921875
5 0.471875 0.27734375 0.0421875 0.06015625
2 0.4328125 0.309375 0.04140625 0.0703125
6 0.403125 0.35625 0.04296875 0.071875
11 0.2828125 0.521875 0.0546875 0.059375
9 0.55703125 0.30546875 0.0296875 0.05
10 0.5296875 0.32734375 0.06171875 0.09140625
8 0.45 0.4421875 0.05234375 0.0578125
7 0.51484375 0.50703125 0.06796875 0.0875
2 0.6578125 0.64375 0.0640625 0.059375
6 0.0984375 0.3609375 0.0640625 0.0734375
1 0.9234375 0.4609375 0.1171875 0.08515625