2 0.2609375 0.4078125 0.053125 0.071875
2 0.43203125 0.4109375 0.04453125 0.06484375
7 0.34375 0.38125 0.05703125 0.109375
9 0.58984375 0.3703125 0.0375 0.05
6 0.7421875 0.32109375 0.046875 0.07578125
6 0.66953125 0.35859375 0.0453125 0.078125
11 0.609375 0.4484375 0.05 0.0640625
1 0.525 0.41796875 0.05390625 0.11796875
5 0.43203125 0.4484375 0.0453125 0.0625
0 0.43203125 0.4921875 0.04921875 0.084375
8 0.35234375 0.44609375 0.05234375 0.071875
10 0.23828125 0.4796875 0.08046875 0.11015625
4 0.3375 0.4828125 0.07109375 0.1078125
8 0.31875 0.5546875 0.06796875 0.07734375
9 0.421875 0.55234375 0.046875 0.059375
9 0.4328125 0.6265625 0.05234375 0.06328125
9 0.52890625 0.71484375 0.053125 0.06640625
3 0.8359375 0.4953125 0.05546875 0.05703125
0 0.890625 0.60859375 0.08515625 0.09140625
3 0.1984375 0.6296875 0.0609375 0.0640625
9 0.09765625 0.57109375 0.06171875 0.0625