3 0.284375 0.37890625 0.04296875 0.05546875
3 0.3578125 0.3640625 0.0421875 0.0546875
3 0.57421875 0.3953125 0.053125 0.05234375
3 0.428125 0.4953125 0.0421875 0.05390625
3 0.24609375 0.77109375 0.06015625 0.05078125
3 0.84296875 0.3734375 0.05390625 0.053125
4 0.63984375 0.5234375 0.08828125 0.0890625
0 0.4984375 0.47109375 0.04921875 0.07109375
5 0.64765625 0.33046875 0.0546875 0.065625
6 0.58984375 0.6671875 0.065625 0.0640625
6 0.74296875 0.21328125 0.05625 0.078125
8 0.6921875 0.26796875 0.0515625 0.06875
8 0.94375 0.4765625 0.09140625 0.0703125
11 0.43125 0.31171875 0.0421875 0.06015625
7 0.35390625 0.5734375 0.07109375 0.0921875
10 0.48828125 0.70625 0.075 0.07890625
9 0.6640625 0.44140625 0.05078125 0.05
9 0.54609375 0.32421875 0.0421875 0.05546875
9 0.740625 0.38359375 0.05390625 0.05234375
9 0.8640625 0.4234375 0.05703125 0.0515625
9 0.8671875 0.5515625 0.06171875 0.05078125
1 0.79609375 0.5703125 0.11484375 0.09375
9 0.39453125 0.43046875 0.04140625 0.05390625