10 0.32734375 0.36484375 0.0515625 0.08828125
9 0.38515625 0.34921875 0.0375 0.0484375
8 0.4515625 0.39609375 0.04296875 0.0609375
7 0.61640625 0.3609375 0.06015625 0.0953125
9 0.728125 0.46953125 0.04921875 0.04453125
6 0.78515625 0.51171875 0.06640625 0.06171875
11 0.5859375 0.53515625 0.05078125 0.053125
4 0.36640625 0.41328125 0.0515625 0.08671875
0 0.41484375 0.4625 0.04765625 0.06484375
5 0.471875 0.5203125 0.046875 0.05546875
2 0.5171875 0.565625 0.04921875 0.0578125
1 0.57734375 0.62265625 0.059375 0.078125
3 0.64453125 0.70390625 0.0515625 0.04453125
9 0.34765625 0.49296875 0.04140625 0.046875
9 0.2609375 0.5390625 0.0515625 0.04765625
9 0.19921875 0.628125 0.05703125 0.0421875