9 0.69921875 0.63984375 0.05 0.0390625
3 0.72109375 0.571875 0.05 0.034375
6 0.7125 0.46171875 0.071875 0.0375
6 0.64765625 0.49296875 0.071875 0.0390625
3 0.68125 0.52421875 0.05 0.0359375
3 0.66328125 0.6046875 0.0484375 0.0375
3 0.6375 0.65 0.046875 0.0359375
9 0.59921875 0.7546875 0.05 0.0484375
0 0.5578125 0.7125 0.0703125 0.053125
3 0.58046875 0.63671875 0.046875 0.0421875
11 0.61484375 0.56015625 0.059375 0.04375
9 0.66171875 0.42421875 0.0515625 0.0375
9 0.625 0.365625 0.05 0.0375
3 0.57265625 0.31484375 0.0375 0.040625
9 0.5203125 0.27734375 0.0484375 0.05
3 0.4765625 0.21484375 0.046875 0.053125
7 0.515625 0.328125 0.0953125 0.071875
2 0.44453125 0.28359375 0.0625 0.065625
8 0.48125 0.421875 0.0640625 0.046875
2 0.54765625 0.4 0.059375 0.053125
3 0.59609375 0.44375 0.0484375 0.040625
1 0.596875 0.50859375 0.1 0.04375
5 0.51953125 0.4640625 0.05625 0.05
5 0.5421875 0.6140625 0.059375 0.046875
0 0.49296875 0.55078125 0.065625 0.0453125
4 0.44609375 0.50078125 0.08125 0.05625
9 0.38984375 0.3578125 0.05 0.05
10 0.38828125 0.4390625 0.0765625 0.0609375
11 0.33125 0.521875 0.053125 0.0546875
8 0.39609375 0.58203125 0.059375 0.0578125
9 0.4515625 0.6140625 0.0453125 0.046875
9 0.503125 0.678125 0.046875 0.046875