4 0.7734375 0.35703125 0.05546875 0.09140625
9 0.62265625 0.59921875 0.05 0.07265625
9 0.75703125 0.5234375 0.0484375 0.0625
9 0.6109375 0.53203125 0.04453125 0.0625
9 0.546875 0.57421875 0.05078125 0.06875
9 0.47890625 0.53515625 0.04375 0.0625
9 0.284375 0.4484375 0.0359375 0.05703125
9 0.2234375 0.43046875 0.03828125 0.0546875
9 0.1671875 0.403125 0.0234375 0.05078125
8 0.67109375 0.49140625 0.05625 0.078125
8 0.353125 0.37578125 0.034375 0.065625
6 0.334375 0.41015625 0.04296875 0.08203125
6 0.39921875 0.56171875 0.059375 0.10234375
11 0.38359375 0.44296875 0.0453125 0.0640625
11 0.44453125 0.41796875 0.0328125 0.06015625
7 0.33359375 0.5015625 0.065625 0.13984375
10 0.5078125 0.42421875 0.046875 0.11015625
1 0.1515625 0.42109375 0.06953125 0.128125
0 0.46015625 0.459375 0.04609375 0.0875
0 0.6 0.31875 0.0296875 0.06484375
2 0.39140625 0.33125 0.02890625 0.05703125
5 0.9 0.40625 0.04921875 0.0609375
5 0.4921875 0.31171875 0.025 0.04453125
3 0.4390625 0.353125 0.02734375 0.04453125
3 0.50390625 0.34140625 0.0265625 0.0421875
3 0.54453125 0.3515625 0.0265625 0.04453125
3 0.60234375 0.36484375 0.03359375 0.046875
3 0.665625 0.3859375 0.0359375 0.04765625
3 0.725 0.403125 0.03671875 0.04609375
3 0.81484375 0.41171875 0.03828125 0.04921875
2 0.76484375 0.4359375 0.05703125 0.07265625