3 0.55859375 0.16875 0.03125 0.0265625
3 0.46796875 0.171875 0.0296875 0.03125
3 0.53203125 0.2125 0.0296875 0.04375
9 0.56875 0.1921875 0.053125 0.028125
3 0.5953125 0.17421875 0.046875 0.0234375
3 0.54296875 0.278125 0.03125 0.046875
11 0.4703125 0.27890625 0.0375 0.05625
6 0.265625 0.26953125 0.0453125 0.075
6 0.32890625 0.30546875 0.0421875 0.0734375
9 0.3265625 0.35078125 0.0375 0.05
11 0.48203125 0.346875 0.028125 0.059375
1 0.4578125 0.35625 0.0484375 0.109375
5 0.5703125 0.36328125 0.0328125 0.03125
2 0.5609375 0.3921875 0.034375 0.025
9 0.6375 0.38671875 0.0375 0.0453125
9 0.7265625 0.42890625 0.046875 0.053125
9 0.6265625 0.43515625 0.0390625 0.053125
4 0.56015625 0.43125 0.0515625 0.05625
5 0.46875 0.428125 0.0421875 0.0578125
8 0.46328125 0.46484375 0.046875 0.071875
3 0.38671875 0.38203125 0.03125 0.040625
2 0.3953125 0.42421875 0.046875 0.06875
9 0.30234375 0.38828125 0.0390625 0.053125
0 0.203125 0.4234375 0.0625 0.0796875
3 0.296875 0.4359375 0.04375 0.046875
9 0.3015625 0.48203125 0.05 0.0546875
7 0.36796875 0.4515625 0.0625 0.10625
8 0.64453125 0.47421875 0.053125 0.0734375
10 0.55390625 0.5078125 0.0625 0.103125
3 0.2765625 0.53046875 0.053125 0.0546875
2 0.36953125 0.52890625 0.0625 0.06875
9 0.471875 0.54453125 0.046875 0.0578125