8 0.28203125 0.19375 0.06640625 0.12578125
3 0.0734375 0.05546875 0.0734375 0.08125
3 0.59375 0.41328125 0.078125 0.09765625
2 0.5671875 0.203125 0.06796875 0.121875
0 0.2203125 0.234375 0.1015625 0.146875
5 0.4390625 0.1765625 0.07265625 0.10859375
9 0.5390625 0.3390625 0.07421875 0.0984375
11 0.6140625 0.49375 0.1 0.1234375
10 0.70546875 0.240625 0.1140625 0.19765625
7 0.7828125 0.2984375 0.140625 0.221875
8 0.82578125 0.41328125 0.134375 0.13515625
9 0.49140625 0.43984375 0.0859375 0.10546875
3 0.484375 0.25 0.0671875 0.0953125
1 0.321875 0.2546875 0.103125 0.22109375
4 0.4046875 0.34453125 0.1078125 0.20625