3 0.32890625 0.26171875 0.040625 0.04375
2 0.4078125 0.31484375 0.04375 0.05
5 0.4921875 0.371875 0.0421875 0.04375
0 0.409375 0.421875 0.046875 0.04375
2 0.48203125 0.425 0.04375 0.04375
9 0.5765625 0.37109375 0.0375 0.0375
4 0.5671875 0.41953125 0.05 0.059375
1 0.66640625 0.48671875 0.065625 0.05
9 0.4921875 0.48671875 0.040625 0.0375
10 0.32421875 0.4765625 0.0640625 0.05
8 0.58125 0.55234375 0.05 0.034375
6 0.24453125 0.590625 0.0609375 0.0328125
11 0.5 0.67421875 0.04375 0.034375
7 0.6828125 0.6046875 0.06875 0.040625