3 0.7765625 0.47578125 0.046875 0.0359375
2 0.70859375 0.50234375 0.0609375 0.040625
0 0.63203125 0.41171875 0.0625 0.0421875
5 0.63125 0.5265625 0.053125 0.046875
2 0.596875 0.475 0.059375 0.040625
6 0.56875 0.13515625 0.05625 0.065625
9 0.59296875 0.60234375 0.0421875 0.040625
10 0.559375 0.56640625 0.06875 0.065625
6 0.54375 0.4328125 0.053125 0.04375
8 0.44765625 0.45703125 0.04375 0.05
7 0.35859375 0.49921875 0.0546875 0.0625
11 0.378125 0.27578125 0.0453125 0.0546875
1 0.36640625 0.93515625 0.053125 0.121875
4 0.21875 0.890625 0.0453125 0.115625