6 0.28828125 0.48515625 0.09375 0.04375
9 0.3296875 0.53125 0.0625 0.0375
9 0.353125 0.603125 0.0640625 0.040625
6 0.32890625 0.45625 0.1 0.0375
3 0.29609375 0.36171875 0.05625 0.0375
3 0.31796875 0.409375 0.0578125 0.028125
9 0.3109375 0.28515625 0.0609375 0.04375
3 0.33359375 0.32421875 0.0609375 0.04375
3 0.3515625 0.2671875 0.059375 0.0390625
9 0.384375 0.14453125 0.06875 0.05625
0 0.4015625 0.17578125 0.1125 0.046875
9 0.45703125 0.221875 0.075 0.0625
3 0.3921875 0.27265625 0.06875 0.03125
5 0.41796875 0.3078125 0.0828125 0.0609375
11 0.36328125 0.3765625 0.0765625 0.0515625
1 0.34453125 0.43671875 0.146875 0.0515625
3 0.371875 0.515625 0.0625 0.040625
2 0.4015625 0.5671875 0.0875 0.0546875
7 0.403125 0.6640625 0.16875 0.0796875
9 0.42578125 0.7234375 0.071875 0.05625
3 0.45625 0.81484375 0.075 0.0640625
2 0.48359375 0.73828125 0.10625 0.0734375
9 0.540625 0.653125 0.0859375 0.0671875
8 0.45546875 0.5609375 0.096875 0.05
10 0.52421875 0.5453125 0.16875 0.0796875
5 0.43125 0.49453125 0.090625 0.046875
4 0.4734375 0.45234375 0.159375 0.078125
0 0.44453125 0.3890625 0.115625 0.059375
9 0.49765625 0.2984375 0.078125 0.0484375
8 0.5421875 0.34375 0.1109375 0.08125
11 0.61015625 0.4328125 0.109375 0.0765625