9 0.690625 0.6640625 0.0421875 0.059375
9 0.35625 0.56171875 0.046875 0.05
9 0.30390625 0.65234375 0.0484375 0.05
11 0.48203125 0.184375 0.046875 0.06875
6 0.4828125 0.46640625 0.05 0.0546875
8 0.41640625 0.36640625 0.0609375 0.0484375
10 0.278125 0.45859375 0.084375 0.059375
0 0.55859375 0.55546875 0.046875 0.0546875
1 0.5421875 0.375 0.065625 0.071875
4 0.41484375 0.54765625 0.0734375 0.059375
5 0.48359375 0.64140625 0.05 0.0609375
5 0.40546875 0.846875 0.0546875 0.0640625
3 0.29921875 0.7171875 0.05 0.05
2 0.2921875 0.5453125 0.065625 0.05
2 0.54609375 0.74453125 0.05 0.06875
3 0.4234375 0.73046875 0.0453125 0.053125
8 0.346875 0.73984375 0.0609375 0.06875