3 0.47265625 0.58828125 0.028125 0.04375
9 0.21328125 0.4171875 0.0515625 0.065625
9 0.23671875 0.50625 0.0421875 0.05625
9 0.3953125 0.42734375 0.0390625 0.0546875
9 0.78125 0.42578125 0.040625 0.059375
9 0.90234375 0.4265625 0.05625 0.059375
6 0.3875 0.37734375 0.053125 0.1
6 0.68125 0.48203125 0.0484375 0.084375
10 0.49609375 0.54375 0.046875 0.06875
0 0.4953125 0.4953125 0.040625 0.046875
1 0.81328125 0.4140625 0.0828125 0.1421875
4 0.41015625 0.63125 0.0390625 0.084375
5 0.2953125 0.6171875 0.040625 0.053125
5 0.721875 0.6125 0.034375 0.05
2 0.7859375 0.56953125 0.046875 0.059375
3 0.55859375 0.5375 0.0375 0.053125
3 0.7109375 0.5625 0.0375 0.046875
3 0.67109375 0.5890625 0.034375 0.0421875
3 0.5515625 0.590625 0.0328125 0.040625
3 0.409375 0.584375 0.0296875 0.040625
3 0.346875 0.59609375 0.028125 0.040625
0 0.5984375 0.628125 0.03125 0.065625
7 0.49921875 0.40859375 0.05625 0.140625
2 0.3359375 0.56875 0.03125 0.065625
8 0.31953125 0.5109375 0.04375 0.0640625
9 0.309375 0.4625 0.04375 0.0578125
9 0.29296875 0.41328125 0.05 0.0625
11 0.584375 0.50859375 0.0421875 0.059375
11 0.60078125 0.4671875 0.05 0.0625
3 0.61875 0.5875 0.025 0.04375
9 0.6921875 0.43125 0.05 0.0578125
8 0.7421875 0.515625 0.05 0.0671875