2 0.73671875 0.22578125 0.115625 0.084375
0 0.671875 0.159375 0.165625 0.0984375
8 0.80546875 0.63203125 0.0546875 0.0515625
9 0.740625 0.62109375 0.084375 0.028125
3 0.7359375 0.50859375 0.084375 0.05625
11 0.7515625 0.3953125 0.0984375 0.046875
4 0.73515625 0.3484375 0.2 0.0890625
6 0.59296875 0.30625 0.184375 0.09375
9 0.7078125 0.4375 0.0921875 0.065625
10 0.7625 0.7390625 0.1875 0.1140625
1 0.7109375 0.56484375 0.234375 0.109375
7 0.71875 0.79296875 0.228125 0.1421875
6 0.60625 0.86171875 0.1765625 0.134375
5 0.56171875 0.571875 0.1375 0.096875