5 0.2796875 0.47265625 0.0953125 0.05234375
3 0.36484375 0.52109375 0.053125 0.03671875
11 0.621875 0.68671875 0.10546875 0.0765625
8 0.65 0.58515625 0.11640625 0.0765625
8 0.26640625 0.54453125 0.11015625 0.0671875
7 0.54765625 0.5453125 0.16796875 0.09921875
9 0.53671875 0.66796875 0.08359375 0.05625
3 0.03828125 0.46640625 0.07578125 0.0390625
3 0.5546875 0.621875 0.07265625 0.05234375
0 0.2890625 0.60546875 0.115625 0.06484375
1 0.3484375 0.62734375 0.1640625 0.09375
4 0.446875 0.66328125 0.146875 0.09765625
10 0.46015625 0.4984375 0.1578125 0.0859375
2 0.359375 0.46484375 0.1140625 0.06484375