11 0.2578125 0.54765625 0.053125 0.03359375
11 0.09375 0.38828125 0.065625 0.0421875
10 0.2828125 0.36171875 0.06875 0.06015625
9 0.153125 0.35390625 0.0484375 0.0390625
9 0.4 0.3765625 0.0390625 0.03515625
9 0.38515625 0.45703125 0.0390625 0.03359375
9 0.43125 0.59921875 0.040625 0.03046875
9 0.46953125 0.6515625 0.03828125 0.02890625
9 0.5140625 0.6890625 0.0390625 0.03203125
9 0.6328125 0.396875 0.03828125 0.034375
9 0.69921875 0.27265625 0.03828125 0.0421875
8 0.53984375 0.6015625 0.0421875 0.03359375
8 0.559375 0.528125 0.04453125 0.03203125
6 0.3546875 0.63203125 0.046875 0.0328125
6 0.62109375 0.46875 0.0484375 0.0390625
7 0.503125 0.47890625 0.046875 0.04609375
0 0.51640625 0.37734375 0.03828125 0.04921875
0 0.66015625 0.2203125 0.04375 0.06015625
2 0.590625 0.18984375 0.0421875 0.0625
2 0.74296875 0.48359375 0.06796875 0.0328125
5 0.9078125 0.44609375 0.0640625 0.03828125
5 0.53984375 0.1359375 0.040625 0.05625
3 0.4796875 0.16328125 0.03671875 0.046875
3 0.53828125 0.2328125 0.03359375 0.04140625
3 0.5796875 0.2640625 0.03671875 0.04140625
3 0.6359375 0.30859375 0.0390625 0.040625
3 0.6765625 0.37421875 0.03984375 0.03515625
3 0.73203125 0.39453125 0.0453125 0.03359375
3 0.80234375 0.446875 0.05390625 0.03203125
3 0.85390625 0.48359375 0.0609375 0.02890625
1 0.76328125 0.309375 0.0765625 0.065625
4 0.821875 0.3546875 0.078125 0.059375