2 0.21875 0.6140625 0.046875 0.05625
11 0.2890625 0.83359375 0.0375 0.05
3 0.40390625 0.79765625 0.0265625 0.040625
3 0.27890625 0.75625 0.0328125 0.0421875
6 0.45234375 0.71171875 0.0328125 0.065625
8 0.340625 0.66171875 0.04375 0.059375
7 0.56640625 0.7171875 0.046875 0.0890625
6 0.31015625 0.590625 0.0484375 0.0609375
3 0.1984375 0.534375 0.046875 0.040625
1 0.478125 0.5703125 0.04375 0.0875
5 0.27265625 0.4625 0.05 0.05
0 0.65078125 0.640625 0.0421875 0.065625
10 0.7140625 0.60859375 0.065625 0.075
4 0.709375 0.4609375 0.071875 0.0734375
2 0.503125 0.34609375 0.04375 0.0515625
5 0.37734375 0.346875 0.046875 0.046875
3 0.553125 0.28046875 0.0453125 0.040625
9 0.23828125 0.965625 0.040625 0.025
11 0.3671875 0.98515625 0.04375 0.028125
3 0.2796875 0.9875 0.028125 0.025