3 0.909375 0.41484375 0.0546875 0.06484375
3 0.49140625 0.7140625 0.06171875 0.07265625
3 0.22265625 0.60546875 0.065625 0.0671875
0 0.4390625 0.5296875 0.0640625 0.103125
5 0.29609375 0.490625 0.06796875 0.0765625
2 0.4015625 0.36171875 0.05546875 0.07265625
9 0.0640625 0.54921875 0.07109375 0.06796875
9 0.31640625 0.375 0.04375 0.05859375
9 0.5984375 0.30078125 0.04140625 0.0578125
9 0.8234375 0.61328125 0.0703125 0.0734375
6 0.61328125 0.53984375 0.0546875 0.1046875
11 0.50703125 0.35546875 0.04765625 0.06875
6 0.2609375 0.4125 0.07265625 0.0921875