2 0.26328125 0.77421875 0.115625 0.084375
0 0.328125 0.840625 0.165625 0.0984375
8 0.19453125 0.36796875 0.0546875 0.0515625
9 0.259375 0.37890625 0.084375 0.028125
3 0.2640625 0.49140625 0.084375 0.05625
11 0.2484375 0.6046875 0.0984375 0.046875
4 0.26484375 0.6515625 0.2 0.0890625
6 0.40703125 0.69375 0.184375 0.09375
9 0.2921875 0.5625 0.0921875 0.065625
10 0.2375 0.2609375 0.1875 0.1140625
1 0.2890625 0.43515625 0.234375 0.109375
7 0.28125 0.20703125 0.228125 0.1421875
6 0.39375 0.13828125 0.1765625 0.134375
5 0.43828125 0.428125 0.1375 0.096875